855048100
850558125
392018978
1721958304
1620523764
1746675849
251797747
2155978381
217857473
2546310010
2423297580
2421770739
1497167129
556535786
407177842
2488397271
152394320
3787625063
1863244118
165327925
3625225893
2638094252
3129215902
2228612267
551792207
3093314443
3557931324
4064052699
864960464
3347254132
292386267
4077348264
3370116074
1678081353
3446418837
3721260512
541965902
922240085
3792258847
409640869
2273782871
2201542826
901843883
477989533
3108379074
3823633236
272596578
871143831
602603628
3173931162
2719368079
3383814139
3098649848
2252232748
418487580
3892515142
3835986077
4131237281
676915943
649989384
3048970167
508917133
2411306132
1338677331
2277823694
1714933483
728918948
3113382888
532928206
3953537665
2838965145
2205414065
2689940387
1959312447
270683327
2236750173
579908084
449065891
1406285340
463190650
401963403
2420986820
580891069
3027579993
398405755
3403209016
3319667592
2930004087
127872969
4018307665
3868261774
3831688112
3803366055
2665129366
4181390589
4117621938
2156799827
4259842052
4271029053
4279388046
457044283
699479707
456238149
4045827784
1515208174
3884010454
1920182246
916559236
3008901824
4170639531
572286469
4038358477
2528743617
984502160
1731909342
2547856171
2119438415
2041776556
1645083357
3112464401
3672418659
2521253809
2270662113
1884757696
2373276781
2969699759
1675073504
1364737784
1266656032
564442024
1110009877
739565377
3162771278
1978781121
1806134162
2614439117
1262601873
2742597457
1052674256
2955310401
416688500
3237171664
2487516646
2133284993
2176943051
2358052470
2171979240
1935438524
600256772
88712450
3544892738
3699240949
3638635903
1184351693
797446038
1608405128
1355439057
2542798526
3496899152
652983122
1298382148
2288882607
4055015334
379829419
2618604418
3055465282
3404022666
1113374042
3793912504
1762633001
3678357246
1286974902
927548538
866468091
3586331489
2162299760
3820249095
1009325412
3172501319
3415824495
2751557985
1487549451
433345302
5641379
3462212847
3105214980
1576965122
1373238126
577860084
197300006
3149179068
2048631913
578051962
4009731938
1226408954
2974934878
3279107695
3654602103
4002877692
4010669751
955294519
485745821
121258025
1500950173
1178806267
531158485
2349860311
2308541924
2093859795
2212771815
1931018072
1708133528
1204793077
2412257176
1651353417
1549523691
2389340116
205193011
118049094
2858276306
10042201
3088215905
745366620
455903821
2902141735
4602938
1552821599
3444830811
472395642
3589347700
2926951260
2513731869
3019519220
539973824
2022303880
2645977125
2828796719
407692087
1594395899
262715660
112597165
3558237917
3538082052
3588396986
2413891884
1709805573
2339575649
2280598317
2021287203
1357552683
844656244
3776432168
4005453159
3989637108
1155568524
2223989020
3987052189
833132536
4016349407
502552981
2693793393
296013287
3827275862
3359988263
3763473701
3124754142
250891666
2845640008
2242835793
4028026441
3941343586
4260352467
589063255
541107057
4100369517
2389449199
3177267374
390287613
587084873
890599665
1079938865
303381064
2151077885
2356241653
1324679490
481300233
1255936042
895188625
3275113064
3022309558
766384797
3717787150
4032107004
2590437273
744299678
519327504
2484577889
2340704526
1150302640
2320987813
2002603651
1105054862
324418636
76883835
3409936837
3221934281
3167165607
3193421825
3064724016
1168207684
3150265512
29182348
3858125950
2964657438
3658054305
4095511573
4048130066
4156835117
4195412434
4272866663
1574804520
1349452239
2096317873
231537603
1085390755
511502264
2461057749
3364472812
1944579153
1690029396
726828055
2762734291
360834826
3463399823
2514531890
3974386071
3977568321
2060749776
2787967867
984097936
641901911
3248155963
3024871383
2983332786
3638512225
4241063212
443208463
2368635745
3870671997
3272765068
939365780
678285560
462063744
1679188018
338678539
2194107264
53429170
41999719
3657195999
2496990369
702887698
1394779291
635988607
222879355
2033658722
1526370599
1276558764
2581478885
24786485
3590101522
3483507331
1312031711
882850938
738603203
1325370136
1363881943
46374697
3917463403
4273340718
25411521
2594751886
2287875560
2040844408
1994133540
1866970922
1960094407
1675742892
1579823956
1538607145
1086835313
1519880471
1066604155
636710545
2613851992
583172797
2274901052
2030018343
1447050903
1640339883
1070031343
769449026
2182849601
2177838346
372219981
271781447
2473390572
1968173681
957344619
563686604
163913057
145003316
2768097325
139386502
2965812852
2842656207
17713521
3356461313
3348308336
3242986963
2378629785
3733099983
341993154
1832373104
3649947857
3604277284
1866285462
1709671799
1081378620
288895899
1504197449
3862627188
3979136619
2996800316
1322461378
4013658047
3707842649
2208774443
4230393297
2428873151
4231384266
840758676
1116643728
150555841
711839780
2621289024
2592767383
351857702
3445720056
3713819299
4170123236
3405724446
656052946
622477759
2065265427
2247469570
265878053
2870809124
3052834204
3110875420
2902490905
1799666968
1609878758
1718161970
1512062567
2201660115
1327703385
2718111145
754765656
404291274
107265188
3637570161
2926989426
2288876281
1528728506
2784546998
2337815249
2107802885
1877127289
1875029099
1476535137
1043864352
3154545784
158611196
2996904621
446635901
1633603654
81171366
3609185509
3506698190
3268909107
3952148095
3906851869
2188537610
1424685273
3039560210
2619784523