1000
1 251797747
1 850558125
1 392018978
1 1620523764
1 1746675849
1 2423297580
1 1721958304
1 855048100
1 217857473
1 4077348264
2
2
2
2
2
1 2155978381
2
2
1 2421770739
2
2
1 556535786
1 3787625063
1 2546310010
2
2
2
1 1497167129
1 152394320
1 407177842
2
1 2488397271
2
1 3625225893
2
2
2
2
1 165327925
1 1863244118
1 4064052699
2
2
2
1 2638094252
1 2228612267
2
1 3129215902
2
2
1 551792207
1 3093314443
2
2
1 3557931324
2
2
1 3347254132
1 864960464
2
2
1 292386267
2
2
1 3370116074
1 3446418837
2
1 1678081353
1 3721260512
2
2
2
1 541965902
2
1 922240085
2
1 3792258847
2
1 477989533
1 409640869
2
1 3108379074
1 3823633236
1 2201542826
1 2273782871
2
2
1 901843883
2
2
2
2
1 272596578
1 871143831
2
2
1 602603628
2
1 3173931162
2
1 2719368079
1 3383814139
2
1 3835986077
1 3098649848
1 3892515142
1 4131237281
1 2252232748
1 4279388046
2
1 418487580
2
2
2
1 4117621938
2
2
2
1 676915943
1 649989384
1 3868261774
1 3048970167
2
1 508917133
2
2
1 3953537665
2
1 2411306132
1 1338677331
2
2
1 1714933483
1 728918948
1 2277823694
1 3113382888
2
1 532928206
2
2
2
2
2
1 1959312447
1 2838965145
1 2205414065
2
2
1 270683327
1 2689940387
2
2
2
1 449065891
1 2236750173
2
1 3831688112
1 3403209016
1 4259842052
1 398405755
1 579908084
1 401963403
2
2
1 1406285340
1 463190650
2
2
2
1 2420986820
2
1 3027579993
1 127872969
1 580891069
2
1 4271029053
1 4018307665
2
1 3319667592
2
2
2
1 2930004087
2
1 3803366055
2
1 4181390589
2
2
2
1 2665129366
2
2
2
2
1 2156799827
2
2
2
2
1 457044283
2
1 699479707
2
1 456238149
1 4045827784
2
2
1 1515208174
1 3884010454
2
2
1 4170639531
1 1920182246
2
1 3008901824
1 916559236
2
2
2
1 4038358477
1 572286469
2
2
1 2528743617
2
1 1731909342
1 984502160
2
2
1 3112464401
1 2547856171
2
1 2041776556
1 2119438415
1 1645083357
2
1 3672418659
2
2
2
2
1 2521253809
2
1 2969699759
1 2270662113
1 1884757696
2
1 3237171664
2
1 4055015334
1 1675073504
1 2373276781
2
2
1 564442024
1 1266656032
2
1 1364737784
2
2
2
1 1110009877
1 3162771278
2
1 739565377
1 3496899152
2
1 1978781121
2
2
1 3699240949
1 1052674256
1 1262601873
1 416688500
1 3544892738
1 2955310401
1 1806134162
1 2614439117
2
1 2742597457
2
2
2
2
2
2
1 2133284993
2
1 2487516646
1 600256772
2
1 1935438524
2
1 2176943051
1 88712450
2
1 2171979240
1 2358052470
2
2
2
2
2
2
2
1 3638635903
2
1 1184351693
2
1 797446038
2
1 1608405128
1 1355439057
2
2
1 2542798526
2
2
1 652983122
2
1 1298382148
2
1 2288882607
2
2
1 379829419
1 2618604418
1 3055465282
2
2
1 3404022666
2
2
1 1113374042
2
1 3793912504
2
1 1762633001
1 3678357246
2
2
1 3820249095
1 1286974902
1 866468091
1 927548538
2
2
2
1 3586331489
2
1 2162299760
2
2
1 3415824495
1 3172501319
1 1009325412
2
2
2
1 2751557985
1 3105214980
2
1 4009731938
1 5641379
1 433345302
1 1487549451
2
2
1 3462212847
1 4010669751
2
2
1 1576965122
2
1 197300006
2
1 1373238126
2
1 577860084
2
2
1 3149179068
1 2048631913
2
2
1 578051962
2
2
1 2974934878
1 3654602103
1 1226408954
2
2
1 3279107695
2
2
1 4002877692
2
2
1 955294519
1 1500950173
1 4602938
1 2349860311
1 485745821
2
1 121258025
1 1931018072
1 2308541924
2
1 2093859795
2
2
1 531158485
1 2212771815
1 2858276306
1 1178806267
2
1 10042201
1 4005453159
2
1 4016349407
1 4260352467
2
2
1 3088215905
1 118049094
1 1204793077
1 1708133528
2
1 3538082052
2
1 3558237917
2
2
2
1 2412257176
1 1549523691
2
1 205193011
1 2389340116
1 1651353417
1 3763473701
2
2
2
1 3444830811
2
2
2
2
2
1 745366620
2
1 455903821
2
1 3987052189
1 3776432168
1 2902141735
2
2
1 472395642
1 1552821599
2
2
2
1 2513731869
1 3589347700
1 2926951260
2
1 539973824
2
2
1 3019519220
1 407692087
2
2
1 112597165
1 2022303880
2
1 2645977125
2
1 4028026441
1 2828796719
2
2
1 262715660
1 1594395899
2
2
2
1 2413891884
2
2
1 3588396986
2
1 1357552683
2
1 1709805573
2
1 2021287203
1 2339575649
2
1 2280598317
2
2
1 844656244
1 3989637108
2
2
2
2
2
1 1155568524
2
1 2223989020
2
2
1 833132536
2
2
1 296013287
1 502552981
2
1 2693793393
2
1 3827275862
2
2
1 3359988263
1 3124754142
2
2
2
1 250891666
2
1 2242835793
1 2845640008
2
2
2
1 3941343586
2
2
1 589063255
2
1 4100369517
1 541107057
2
2
1 3177267374
1 2389449199
2
2
1 390287613
1 890599665
2
1 587084873
2
2
1 1079938865
2
1 303381064
1 3275113064
2
1 2151077885
1 1324679490
1 2356241653
2
1 3022309558
2
2
1 481300233
2
1 895188625
1 1255936042
1 3717787150
2
2
2
2
1 766384797
2
1 4032107004
2
2
1 519327504
1 4156835117
1 2590437273
1 3167165607
2
1 744299678
2
2
1 2484577889
1 3150265512
1 3409936837
1 2340704526
1 76883835
1 4195412434
1 1150302640
1 1105054862
2
1 2320987813
2
1 324418636
2
1 2002603651
1 3858125950
2
2
2
2
2
2
1 3221934281
2
2
1 3064724016
1 4095511573
1 3193421825
1 4048130066
2
1 1168207684
1 29182348
2
2
2
2
1 2964657438
2
2
1 3658054305
2
2
2
2
1 4272866663
2
2
1 1574804520
1 1349452239
1 2096317873
2
2
2
1 231537603
2
1 1085390755
2
1 511502264
1 3364472812
1 2461057749
2
2
2
1 726828055
1 2762734291
1 1944579153
1 1690029396
1 3977568321
2
2
2
2
1 3974386071
1 360834826
2
1 3463399823
1 2514531890
2
2
2
2
1 4241063212
1 2060749776
1 3248155963
1 3638512225
1 641901911
2
1 2787967867
1 2983332786
1 3024871383
2
1 984097936
2
2
2
2
2
2
2
1 443208463
2
1 2368635745
1 3870671997
2
2
1 3272765068
2
1 3590101522
1 678285560
1 3917463403
1 3657195999
1 939365780
2
1 2194107264
1 41999719
1 462063744
1 53429170
2
2
1 1679188018
2
1 3483507331
1 338678539
2
2
2
2
2
1 702887698
1 2496990369
2
2
1 1394779291
1 24786485
1 635988607
2
2
1 222879355
2
1 2033658722
1 1276558764
1 1526370599
2
2
2
1 2581478885
2
2
2
2
1 46374697
1 882850938
1 1312031711
1 738603203
2
2
2
1 1325370136
2
1 1363881943
2
2
1 4273340718
2
2
1 25411521
1 2594751886
1 4013658047
2
1 2040844408
1 3862627188
1 2287875560
2
2
1 3242986963
1 17713521
1 1579823956
1 1538607145
1 1866970922
1 1994133540
2
2
1 1086835313
1 1066604155
2
1 1960094407
2
1 636710545
1 3649947857
1 583172797
1 1675742892
1 2613851992
2
2
2
2
1 1519880471
2
2
1 3356461313
2
2
2
1 1447050903
1 2274901052
1 2473390572
1 271781447
2
1 2842656207
1 2030018343
1 1070031343
1 2768097325
2
1 372219981
2
1 1640339883
2
1 2177838346
1 3348308336
1 163913057
1 145003316
1 769449026
2
2
1 3733099983
1 2182849601
2
2
2
2
2
1 1968173681
2
1 957344619
1 563686604
2
1 139386502
2
2
1 2965812852
2
2
2
2
2
2
2
2
1 2378629785
2
2
2
1 341993154
2
1 1832373104
1 3604277284
2
2
2
1 1709671799
1 288895899
1 4231384266
1 3979136619
1 1866285462
2
2
1 1081378620
2
2
1 1504197449
2
1 3707842649
2
2
1 1322461378
1 4230393297
1 2996800316
2
2
2
2
1 2208774443
2
2
1 2428873151
2
2
1 150555841
1 3445720056
1 840758676
2
1 1116643728
1 2621289024
2
1 2592767383
2
1 711839780
2
2
2
1 351857702
2
1 3713819299
2
2
1 4170123236
2
1 3405724446
2
1 656052946
1 3110875420
1 3052834204
2
1 265878053
1 622477759
1 2870809124
2
1 2065265427
2
1 2247469570
2
2
2
2
1 3906851869
1 2902490905
2
1 2718111145
2
1 1799666968
1 1609878758
1 1512062567
2
2
1 1718161970
1 3637570161
2
1 1327703385
2
1 404291274
1 2201660115
1 3609185509
1 754765656
1 3884698314
2
1 3506698190
2
2
2
1 3952148095
1 107265188
2
2
2
1 2288876281
1 1043864352
1 2926989426
2
2
1 1528728506
1 1476535137
2
1 2337815249
1 2784546998
2
1 2107802885
2
1 4183658679
2
1 1877127289
1 1875029099
2
2
2
1 3154545784
1 158611196
2
1 2996904621
2
1 81171366
2
2
1 446635901
2
1 1633603654
2
2
2
1 3268909107
1 4098123492
2
2
2
2
1 1424685273
1 2188537610
2
2
1 1124279543
1 3039560210
2
1 1639964942
1 2619784523
1 3760807781
1 3743270138
2
1 3351022269