1716868593
1524524494
1442412695
2931843119
2761731844
2338378104
2262153955
2755355127
2335741735
2122526574
1786150178
1582613168
3127038203
2384169093
3197493641
2384161501
1648866564
1793987913
935775303
1750179973
2186831953
1713296789
2884188383
2189012346
1315116764
1243247831
1518176511
2085763706
1253516837
2970510205
1977339976
1703576554
1248684431
1035098493
916054959
1481382181
2397318864
2126703580
1391790052
1585235312
1384461549
1346424354
2781238023
1089500112
720259900
604713428
458242856
2671306264
2017155367
2293023531
846278349
449748766
1034571242
662259953
911132725
385616792
2491918036
978923947
2110198569
328596991
278307431
2340820880
2335667743
1245455634
2452850164
2408047023
2391752816
3542341145
3151227321
2794480276
2697346158
962206278
1685788510
1451378887
2232806682
1604436931
2782700759
1689485502
1290025567
899271142
2378875296
1534236221
2612497882
1081096195
657942016
2986405085
561585911
430255693
390984608
3112434929
2616908431
2076454659
3131358542
615612835
214436599
1070826851
912413412
327476125
246417365
3507208893
3095733504
2470081167
2460941467
1916457332
2975921926
2878853539
2192535875
2147534891
3027616779
1886998718
1425528759
2493848052
2748329864
2085811432
1889216068
1811831743
1754358093
1628355803
1466244684
1380028253
1063125055
978503047
959105218
867823004
2196916587
2579626884
895854453
776285792
591362263
1854969243
667724936
2528752241
311554056
235666511
2672827933
227711907
167975452
2556347433
896990725
834583003
206404373
1849710960
1264540956
2642469829
2511229135
2468661358
2744463850
2575006812
2390308667
1913193741
1767954198
1582393165
1341392528
2308023364
1877730615
1171500723
2888460859
2854674512
704260711
2989164351
3091763421
237265279
162493872
3160044319
3077680815
108070967
1982683628
1356187220
2064719612
3334269920
3291221967
3208609755
2559637708
2354112651
2241197208
1918882675
1795550210
1215163927
1110095667
2898009114
1539676935
1465494778
628226797
627413320
2933359389
2399972849
1938959169
2214709481
2016131829
1856979120
1643843296
934260416
923313099
2343974625