500
1 1524524494
1 3840482513
1 1716868593
1 4094034805
1 2846586982
1 935775303
1 2989164351
1 1442412695
1 77939051
1 3291221967
2
2
1 512427729
1 2262153955
2
1 2441587069
1 328596991
3
1 222505594
1 2761731844
2
1 1153330774
2
1 3987779359
2
3
1 2408047023
1 2335667743
1 4018592805
3
3
1 1995751806
2
1 3010760268
3
1 3542341145
2
2
2
3
2
2
3
1 2384169093
1 4049297369
1 1253516837
1 4015002416
1 2384161501
1 3127038203
1 4123498860
1 548266566
2
2
2
2
3
1 198053634
2
1 433078120
1 3731714287
1 1793987913
1 4212955093
1 2400362212
2
1 2316704321
2
1 1750179973
1 1315116764
2
3
2
1 1248684431
2
2
1 2189012346
1 3945683026
2
3
1 720259900
1 3200675981
2
1 4279352922
2
3
2
1 2085763706
2
2
2
3
1 2888460859
1 1035098493
3
1 302767022
1 4174273085
3
2
1 1703576554
1 2391752816
1 278307431
2
3
2
3
2
2
1 1481382181
1 192161649
2
1 604713428
3
3
1 1003963262
1 3073155402
1 669036362
3
2
2
2
1 1585235312
1 1346424354
1 2781238023
2
1 246417365
2
2
2
2
3
1 458242856
1 2340820880
1 3835354142
2
1 409410809
2
2
3
2
2
1 2293023531
2
2
1 3960508000
1 2029613912
3
2
1 1471305148
3
2
2
1 911132725
2
2
1 2491918036
2
1 2496193470
3
1 978923947
2
2
2
2
3
3
2
2
1 1218722898
3
2
1 2697346158
1 3842654403
3
1 3913279407
3
3
1 2452850164
2
2
2
1 2643971037
3
1 2794480276
2
2
2
1 962206278
2
1 657942016
2
1 237265279
1 1534236221
3
1 1685788510
1 3116835272
1 3284370938
1 615612835
2
1 1451378887
2
1 2232806682
3
1 1081096195
3
2
3
2
1 1737726380
1 4137919859
1 4118122221
1 2097270054
1 2782700759
2
3
1 1290025567
1 2993989016
2
2
1 3140943949
2
1 2378875296
2
3
2
1 2612497882
2
2
3
3
1 390984608
2
1 3112434929
2
1 561585911
1 205531879
2
2
2
2
1 2076454659
1 3131358542
3
2
3
2
2
3
2
2
1 1070826851
1 3175338123
3
1 912413412
3
1 1063125055
2
3
1 4064268400
2
2
2
1 3872920679
1 2460941467
2
1 2147534891
1 3095733504
3
3
2
1 288699364
1 1754358093
3
1 1886998718
1 3491999277
3
1 2470081167
1 1889216068
1 968334796
1 780885070
2
2
1 2975921926
1 2192535875
3
2
3
2
1 1466244684
1 2878853539
1 3991662378
2
2
2
1 3094874873
2
1 2493848052
3
1 1380028253
2
1 4258955222
2
3
1 2085811432
2
1 1125340316
1 2748329864
2
1 895854453
1 3678236806
2
1 3785575004
2
3
3
2
2
3
1 108307060
2
3
2
3
2
2
2
2
2
3
1 269453640
1 2196916587
2
1 2579626884
1 591362263
2
2
1 3651733878
2
2
3
1 167975452
2
2
1 2528752241
1 3447049122
2
1 227711907
2
2
2
2
1 157298674
2
1 2556347433
1 206404373
1 896990725
1 834583003
2
2
2
1 3872255335
2
3
3
1 162493872
1 244974198
3
1 951778002
2
3
2
1 3706494577
3
1 2511229135
1 2642469829
1 1767954198
2
1 1980966089
2
3
2
1 2963312718
1 1468836293
1 977198745
3
1 3091763421
3
3
1 1582393165
1 3864289172
2
2
2
1 168256597
2
1 572885393
2
2
1 3970422774
2
3
2
2
3
2
1 3988258047
3
2
2
1 3583327203
2
2
3
2
1 3690921213
2
3
2
2
2
2
1 2241197208
1 932885614
3
2
1 1356187220
2
1 1215163927
1 569321831
1 2064719612
1 3767999655
2
1 3469474382
3
1 3334269920
1 3788558180
2
1 3438105666
1 2559637708
2
1 1480080693
2
1 1077387478
1 545699915
1 1539676935
1 628226797
1 58062316
1 2354112651
2
2
2
3
1 311010980
3
2
3
1 3099716469
2
2
2
2
1 1856979120
3
3
3
2
1 1465494778
2
2
2
1 3143027421
1 2399972849
1 3894999903
2
2
1 1938959169
1 4158929325
1 139677419
2
1 2214709481
1 435066677
2
1 639736944
1 124837766
3
1 2016131829
1 3138503347
1 599861638
2
2
2
1 923313099
2
1 411039066
2
1 3445783547
1 2335025764
1 3705090984
1 2343974625
2
1 2340037135
1 780975651