21 515
21 515
21 515
21 515
21 515
21 515
57 890
26 913
26 913
26 913
26 913
26 913
26 913
26 913
26 913
26 913
26 913
26 913
26 913
26 913
26 913
26 913
26 913
26 913
10 1139
10 1139
10 1139
10 1139
25 1503
25 1503
25 1503
25 1503
25 1503
25 1503
25 1503
25 1503
25 1503
25 1503
7 1381
7 1381
7 1381
7 1381
7 1381
42 1533
42 1533
41 1575
41 1575
41 1575
23 2015
23 2015
23 2015
23 2015
23 2015
28 2101
28 2101
28 2101
28 2101
7 2276
7 2276
28 2376
28 2376
41 2488
41 2488
41 2488
41 2488
41 2488
41 2488
41 2488
