300 900
1 2 286
1 31 658174159
1 80 591442186
1 270 783793539
1 280 120580441
2 3 852
2 9 987586897
2 16 407191310
2 22 760170157
2 61 153678024
2 142 684653962
2 185 531686920
2 287 626133556
3 4 681
3 45 418832001
3 72 20798122
3 166 196606736
3 171 550013412
3 219 411993179
3 248 978278623
3 257 739534650
4 5 352
4 16 501142370
4 106 870121811
4 108 395307199
4 137 968767268
4 205 239384848
5 6 822
5 94 327263331
5 260 509496396
6 7 782
6 29 916539321
6 57 867986527
6 175 352333973
6 188 829849098
6 287 250065308
7 8 501
7 85 317391971
7 98 340390753
7 99 2956959
7 147 564166366
7 171 358630176
7 292 706519506
8 9 177
8 79 56232334
8 133 902972099
8 165 922381151
8 275 502211100
8 294 284166874
9 10 90
9 152 323585017
9 253 926903873
9 257 359745434
10 11 230
10 69 596794082
10 99 876799462
10 193 984296644
10 204 541702874
10 223 192240276
10 258 447829661
11 12 323
11 81 452213218
11 159 30326595
11 182 295528113
11 271 879824520
12 13 194
12 41 13308021
12 76 214559301
12 102 398967006
12 119 934920379
12 127 60152551
13 14 63
13 30 406348102
14 15 626
14 44 785103291
14 129 3880659
14 162 972667561
15 16 555
15 179 64611666
15 233 41595119
15 286 581421042
16 17 530
16 26 893292515
16 137 35679897
16 161 578886964
16 165 492123537
16 209 671442109
16 277 838681666
17 18 683
17 89 80107341
17 92 610799838
17 122 43588856
17 229 425266330
18 19 715
18 56 190049104
18 209 768233455
19 20 354
19 59 329156840
19 120 532617024
19 217 607866177
19 279 767230197
20 21 62
20 43 447732290
20 69 530801600
20 82 55484891
20 87 395852958
20 161 648974532
20 185 834883682
21 22 131
21 45 254838186
21 176 629229270
21 279 534621526
21 293 55732488
21 299 208432907
22 23 820
22 51 844130265
22 81 133762615
22 206 941557440
22 240 749535201
22 285 17708572
23 24 940
23 94 953309574
23 139 382984734
23 172 972593011
24 25 161
24 155 925261588
24 259 167393626
25 26 621
25 61 439468572
25 115 328305251
25 128 246336472
25 273 401566994
25 286 120541608
26 27 601
26 114 950132389
26 117 844287361
26 237 54501503
26 285 691278737
27 28 965
27 179 901890194
27 211 641777665
27 225 969294928
28 29 135
28 47 682449848
28 188 161292599
28 299 472356027
29 30 440
29 85 248471832
29 146 587831070
29 221 103895187
30 31 585
30 119 837033135
30 130 390816973
30 147 241942652
30 193 790519765
30 214 23848782
30 264 808160365
31 32 695
31 163 695307808
31 212 778784811
31 230 168154590
31 243 191560062
32 33 481
32 43 579175634
32 97 485872568
32 145 652048711
32 271 629246792
32 288 936562560
33 34 177
33 52 528881491
33 130 886464869
33 213 601388115
34 35 270
34 100 901251093
34 120 295287747
34 125 194862143
34 176 14353751
35 36 242
35 45 946671130
35 53 28277538
35 92 897015745
35 120 74521641
36 37 597
36 70 314468749
36 100 905468520
36 291 777249239
37 38 33
37 214 69089719
37 285 471778583
38 39 317
38 54 907320217
38 91 766164419
38 92 66751753
39 40 975
39 43 830369436
39 215 863519002
39 227 165931449
39 289 4098978
40 41 615
40 79 591598054
40 121 209313754
40 148 838266752
40 199 644790311
40 225 510225480
41 42 366
41 65 183856200
41 164 156972710
41 258 585279095
42 43 739
42 52 730331637
42 114 528800754
42 185 810168134
42 248 215634754
42 257 454186134
43 44 631
43 90 463979703
43 295 950732299
43 300 141598648
44 45 779
44 96 386105040
44 139 428377749
45 46 773
45 212 17646803
45 265 635221997
46 47 490
46 231 583948300
46 244 594052209
47 48 216
47 206 224932576
47 218 692475705
47 260 935980858
48 49 484
48 149 962447549
48 171 8687923
48 242 90364425
48 261 930227261
49 50 530
49 54 885434313
49 267 450964962
50 51 990
50 225 497396126
51 52 800
51 112 148893279
51 125 444403412
51 137 585757302
51 214 853720442
52 53 214
52 145 493023229
52 176 809661205
52 198 472207871
52 203 343542090
52 240 280883044
52 274 96823637
53 54 67
53 179 915877098
54 55 803
54 141 459489609
54 147 79545599
54 278 729447174
54 284 288856507
55 56 34
55 68 248958922
55 152 507719761
55 198 3783215
55 265 22456678
55 289 425236170
56 57 905
56 75 551894210
56 165 20534626
57 58 151
57 102 351939456
57 293 162973539
58 59 631
58 62 382147139
58 124 364547192
58 205 821152247
58 235 64511157
58 239 839418009
59 60 826
59 107 129585765
59 126 74714858
59 144 490299030
59 195 649888642
59 205 951566806
59 278 279038566
60 61 923
60 79 558551071
60 129 397223459
60 203 781788060
61 62 472
61 80 518166987
61 118 765430389
61 171 87302225
61 225 629002288
61 242 867190236
62 63 320
62 89 953347848
62 122 270231480
62 150 954156828
62 293 275315259
63 64 657
63 83 112441944
63 109 550783088
63 137 462215549
63 262 19351198
64 65 987
64 68 759796113
64 102 347497180
64 130 811336805
64 142 481721744
64 192 673847576
65 66 81
65 151 424945919
65 155 135028114
65 169 563953612
65 243 5508472
65 283 417961936
66 67 77
66 178 15876859
66 241 257815848
66 256 913599671
67 68 354
67 134 890806488
67 141 938393413
67 166 167032049
68 69 715
68 199 26408584
68 215 87636488
69 70 336
69 202 159092237
69 226 934407734
70 71 846
70 157 749942832
71 72 945
71 88 428313050
71 104 736899064
71 109 960226601
71 262 294014264
71 293 530272778
72 73 84
72 265 114452963
73 74 682
73 165 600530559
73 190 377776023
74 75 996
74 78 264060683
75 76 16
75 238 716389868
75 254 36421736
75 296 414241369
76 77 94
76 102 248675248
76 115 977019316
76 188 599398325
76 258 735647839
77 78 2
77 145 319813447
77 253 934173386
78 79 506
78 141 449349487
78 260 601181468
79 80 196
79 275 421830304
79 293 512139512
80 81 234
80 124 977208503
80 275 565654000
80 276 640599486
80 284 629505533
81 82 663
81 95 649704247
81 188 528631957
82 83 639
82 282 264113080
83 84 504
83 172 435326836
83 216 608006964
84 85 130
84 116 809979513
84 191 94270971
84 241 711684602
84 245 383066335
85 86 445
85 174 513125610
86 87 415
86 139 21323726
86 150 118368367
86 182 778495195
86 192 242370974
86 265 318853354
87 88 299
87 162 420989391
87 204 602871492
87 210 951852656
87 222 462186885
87 237 310450625
88 89 683
88 103 798491010
88 121 19986703
88 136 405183453
88 181 669116477
88 196 341436005
88 237 463030621
88 240 462763245
88 246 763808161
89 90 23
89 151 753450853
89 165 621674662
89 197 738094506
90 91 214
90 171 454318553
90 229 779016055
91 92 313
91 187 543763857
91 210 543964321
91 264 24004924
91 285 166616623
91 286 885383334
91 288 766614363
91 296 853203728
92 93 913
93 94 317
93 159 600188421
93 192 410859871
94 95 795
94 114 901686986
94 238 54358297
95 96 963
95 109 849911893
95 150 885846622
95 156 586085581
96 97 848
96 114 679569916
96 164 861494331
96 194 673715640
96 211 117069828
97 98 134
97 154 261315509
97 175 366011160
97 186 713277280
97 277 694960691
98 99 146
98 258 465150311
98 282 212216758
99 100 76
99 234 296096294
100 101 234
100 277 612802002
101 102 46
101 171 531728301
102 103 169
102 113 75544268
102 177 695017288
102 196 583752319
102 239 865821247
103 104 556
103 110 386773037
103 136 831117517
103 155 320267694
103 289 745262882
104 105 343
104 274 371740094
104 279 136218681
105 106 516
105 194 480135396
105 203 807346702
106 107 115
106 118 304056171
106 122 559053670
106 137 383449119
106 140 79993326
106 156 174661178
106 195 878483794
107 108 684
107 227 905268973
107 273 288212337
108 109 473
108 222 407316284
108 262 841737462
109 110 700
109 124 83580641
109 136 719309183
109 243 584751319
109 255 6009255
109 281 609656983
110 111 624
110 149 402344296
111 112 527
111 131 409205526
111 150 67410359
111 182 16667512
111 191 871667809
112 113 306
112 123 356247253
112 151 984875713
112 223 627484625
113 114 167
113 128 977899657
114 115 603
114 173 92782395
114 220 843483503
115 116 738
115 189 123956215
115 205 361039205
116 117 862
116 143 637532552
116 190 108029022
116 209 494781927
116 231 803751851
117 118 647
117 229 233507175
118 119 238
118 250 780066703
118 286 431326679
119 120 701
120 121 613
120 177 102772361
120 224 271620952
120 274 161248142
121 122 881
121 241 327411756
122 123 43
122 165 252557022
122 238 333377073
122 270 166051155
122 292 951227043
123 124 873
123 127 255526239
123 161 960080375
123 175 229975576
123 210 343698579
123 261 339499366
124 125 797
124 129 354972391
125 126 915
125 137 292204430
125 146 890802912
125 175 939470600
125 287 189418001
126 127 249
126 139 915531230
126 244 701250407
127 128 476
127 140 94899220
127 144 700698768
127 159 675200999
127 178 284159303
128 129 523
128 286 609323990
129 130 383
129 138 855274696
129 140 987885604
129 221 369270650
130 131 750
130 193 449909982
130 206 550108191
130 245 60794746
131 132 317
131 269 221304311
131 278 820655727
132 133 111
132 161 86523984
132 177 798136910
132 180 921614199
132 287 632025339
133 134 999
133 222 412529298
134 135 247
134 158 507155767
134 232 227405584
135 136 645
135 145 67337686
135 175 586093604
135 215 222502423
135 241 643206565
136 137 733
136 275 993873177
136 298 266920405
137 138 686
137 160 634342291
137 161 178714830
137 163 876798855
137 193 16676769
137 252 823214389
138 139 853
138 241 446378178
138 246 379913042
139 140 659
139 152 375058458
140 141 51
140 197 685567237
140 279 942997851
141 142 479
141 171 287214358
141 242 741212743
141 299 255096641
142 143 427
143 144 528
143 156 437074520
143 222 790039994
144 145 49
144 158 125037916
144 165 600368500
144 299 258572599
145 146 691
145 176 423915822
145 192 840389790
145 259 926284721
146 147 802
146 152 245195536
146 196 697283506
146 248 939837211
146 277 399050789
147 148 525
148 149 490
148 204 804803376
148 284 142986501
149 150 486
149 193 302421626
149 281 235094315
150 151 887
150 255 693375893
150 293 336785950
151 152 549
151 197 387803717
151 291 226097678
152 153 224
153 154 795
153 270 438368201
154 155 918
154 218 754552786
154 254 494339592
155 156 742
155 205 537907523
155 294 550695192
156 157 728
156 211 198969201
156 296 200766131
157 158 924
157 237 496393301
157 261 913795642
158 159 563
159 160 700
159 276 940617581
160 161 451
160 293 216707980
160 294 917309892
161 162 91
161 185 389628174
161 210 957980536
161 225 163419134
162 163 583
162 168 818098667
162 202 945748222
163 164 21
163 211 33142000
163 229 417166841
164 165 949
164 228 652128067
164 248 688630827
165 166 750
166 167 998
167 168 625
167 292 678106743
168 169 80
169 170 977
169 179 771410581
169 276 580262445
170 171 860
171 172 318
171 206 407962040
172 173 491
172 224 40717037
173 174 566
173 175 561469783
173 191 848844288
174 175 721
174 245 315841049
175 176 512
175 207 308974249
175 257 547995841
176 177 377
176 183 406848377
177 178 331
177 297 539223886
178 179 680
178 189 164333308
179 180 374
179 196 649478921
179 286 885896756
180 181 892
180 191 963392975
180 220 883857742
181 182 566
181 242 866279184
182 183 771
182 185 30963437
183 184 672
183 210 453397667
184 185 229
185 186 488
185 218 482829807
185 255 444351348
185 278 572687141
186 187 351
186 188 939595898
186 197 950369222
186 224 725187447
186 256 35917144
187 188 785
187 222 418187823
187 292 754366536
187 296 59769756
188 189 698
188 220 599842641
189 190 198
189 269 328403642
190 191 859
190 216 895474823
190 226 331008291
191 192 985
191 255 706357554
192 193 300
192 287 16919350
193 194 810
193 285 46621677
194 195 336
194 251 331379788
194 290 827394400
195 196 726
195 204 996364099
195 294 968011405
196 197 555
196 229 622106888
196 296 63679141
197 198 923
197 235 906895132
197 250 229549873
197 291 608761918
198 199 460
199 200 161
199 272 699279107
199 293 96659791
200 201 625
200 218 809933903
201 202 686
201 230 190709821
201 279 746748787
202 203 679
203 204 129
203 223 287279507
203 255 786606892
203 296 554566509
204 205 92
204 233 386229213
205 206 560
205 216 570766366
205 244 166120802
205 250 109671617
206 207 939
207 208 259
208 209 880
208 299 557143299
209 210 852
210 211 741
210 224 184836979
210 300 46077458
211 212 4
211 284 444428138
211 292 430372459
212 213 439
212 234 691377820
213 214 27
213 249 886990
214 215 783
215 216 422
216 217 252
217 218 423
217 290 765534413
218 219 743
219 220 536
219 284 513673463
220 221 698
220 251 67898639
220 266 999469164
220 293 278557548
221 222 413
221 298 249805158
221 300 890717584
222 223 993
222 249 685975021
222 268 969332958
222 286 220473937
223 224 646
223 281 545777606
224 225 636
225 226 13
225 241 677013510
226 227 501
227 228 747
228 229 480
228 262 101287875
228 299 398464454
229 230 382
230 231 780
231 232 399
232 233 479
233 234 74
234 235 133
234 272 796412889
235 236 57
236 237 260
237 238 433
237 250 340215307
238 239 724
238 248 223792993
238 254 920429144
238 281 181065894
239 240 123
239 256 64733760
240 241 119
240 263 372582241
240 267 96880370
241 242 112
242 243 875
243 244 498
244 245 752
245 246 619
245 287 502231167
246 247 992
246 274 810960060
247 248 602
247 284 989228486
248 249 922
249 250 767
249 258 337107457
250 251 763
251 252 990
252 253 482
253 254 923
253 267 558446425
253 271 995842466
254 255 573
255 256 410
256 257 731
257 258 976
258 259 504
258 284 266405956
259 260 891
260 261 19
260 300 70257848
261 262 210
262 263 630
262 272 344030374
263 264 602
264 265 576
265 266 902
265 267 901911532
265 292 696297247
266 267 803
266 275 166329139
267 268 186
268 269 767
268 286 179265776
269 270 551
270 271 752
271 272 501
272 273 323
272 298 376420129
273 274 472
274 275 980
275 276 163
275 291 975229335
276 277 570
277 278 643
278 279 828
278 292 717033305
279 280 803
280 281 915
281 282 306
282 283 7
283 284 965
283 300 422096899
284 285 200
285 286 368
286 287 586
287 288 94
288 289 702
289 290 463
289 298 430862874
290 291 829
291 292 626
292 293 143
293 294 337
294 295 243
295 296 231
296 297 751
297 298 797
298 299 961
299 300 717
