200 500 10
24 46 50 59 73 82 89 127 172 197
1 2 4
1 20 798
1 40 565
1 150 707
1 177 694
2 3 40
2 47 722
2 86 525
2 102 211
2 110 393
2 170 216
2 179 336
3 4 35
3 73 573
3 94 792
3 193 313
4 5 34
4 6 929
4 43 303
4 68 448
5 6 43
5 28 460
5 53 630
5 127 304
6 7 45
6 15 610
6 51 381
7 8 23
7 11 831
8 9 4
8 177 4
9 10 9
9 11 176
9 146 330
10 11 11
10 127 132
10 140 732
11 12 39
11 120 715
11 143 652
11 178 944
11 182 705
12 13 38
12 182 956
13 14 9
13 143 660
14 15 28
14 158 154
15 16 37
15 77 507
15 132 771
15 154 693
15 183 754
16 17 44
16 118 377
16 174 969
17 18 31
17 50 860
17 155 40
17 158 186
18 19 12
18 27 27
18 46 856
18 63 873
19 20 17
20 21 16
20 122 921
20 200 999
21 22 38
21 52 65
21 57 505
21 155 483
22 23 3
22 70 409
22 156 599
23 24 20
23 61 391
23 106 17
23 166 5
24 25 39
24 152 824
24 176 463
25 26 23
25 27 845
25 161 787
26 27 47
26 56 142
26 72 760
26 106 857
26 127 376
26 137 93
26 140 270
26 177 782
27 28 40
28 29 49
28 34 238
28 102 191
28 188 820
29 30 49
29 87 553
29 103 117
29 175 833
30 31 31
30 187 517
31 32 14
31 86 84
31 95 824
31 159 244
31 193 420
32 33 31
32 178 203
32 194 20
33 34 34
33 167 628
33 170 82
34 35 50
34 182 674
35 36 14
35 75 273
35 79 729
35 98 20
36 37 5
36 44 409
36 67 734
36 157 337
37 38 3
38 39 10
38 51 238
38 82 274
38 94 572
38 99 788
38 187 616
39 40 40
39 63 432
39 73 305
40 41 30
40 62 932
40 89 450
40 114 482
40 138 403
40 148 119
41 42 20
41 118 570
41 155 920
41 182 637
41 184 53
42 43 42
42 145 85
42 157 763
43 44 6
43 70 529
43 87 490
43 96 232
43 143 71
44 45 5
44 81 402
44 82 273
44 111 441
44 124 6
44 144 189
45 46 23
46 47 45
46 101 752
46 105 519
46 112 260
46 165 997
46 175 952
46 178 406
47 48 21
47 96 392
47 187 671
47 192 551
48 49 6
48 151 311
48 198 228
48 200 811
49 50 43
49 88 409
49 179 308
49 195 325
50 51 1
50 92 586
50 147 485
51 52 6
51 98 557
52 53 1
52 78 306
52 140 130
52 145 711
52 163 997
53 54 32
53 69 366
53 78 167
53 98 838
53 102 770
53 111 350
54 55 13
54 108 558
54 111 389
54 160 655
55 56 15
55 62 991
55 65 247
55 83 744
55 93 243
55 96 182
55 169 558
55 191 713
56 57 42
56 66 391
56 112 599
56 115 322
57 58 40
57 154 233
58 59 32
58 61 751
58 72 608
58 103 345
59 60 9
60 61 28
60 108 77
60 137 154
61 62 26
62 63 19
62 82 603
63 64 43
63 70 298
63 80 617
63 88 896
63 119 174
63 141 263
64 65 2
64 134 656
64 142 987
64 168 614
64 192 990
65 66 14
65 100 788
65 152 50
65 172 489
66 67 20
66 147 439
67 68 20
67 111 394
68 69 50
68 89 574
68 149 255
68 154 117
69 70 9
69 137 428
70 71 10
70 76 358
71 72 5
71 171 653
72 73 15
73 74 3
73 96 392
73 139 32
73 141 939
73 183 884
73 200 384
74 75 11
75 76 35
75 149 721
75 157 385
75 182 510
76 77 22
76 162 129
77 78 33
77 82 455
77 161 7
78 79 8
78 106 190
78 177 796
78 191 513
79 80 43
80 81 30
80 189 186
81 82 44
81 101 902
81 166 171
81 196 396
82 83 39
82 171 822
83 84 33
83 109 845
84 85 20
85 86 11
85 90 736
86 87 38
86 98 706
86 156 201
87 88 47
87 169 381
88 89 41
88 92 389
88 129 523
89 90 15
89 191 250
90 91 44
91 92 39
92 93 3
92 105 433
93 94 50
93 137 795
94 95 16
94 111 399
94 130 839
95 96 30
95 108 854
96 97 33
96 144 17
97 98 24
97 192 812
98 99 47
99 100 20
100 101 7
100 109 773
100 136 667
100 198 136
101 102 16
101 179 412
101 183 138
102 103 41
102 130 350
102 186 625
103 104 46
103 122 159
103 125 105
103 145 692
104 105 43
104 135 418
105 106 42
105 111 634
105 150 44
106 107 4
106 117 660
106 154 148
107 108 30
107 131 741
108 109 27
109 110 33
110 111 4
110 167 779
111 112 44
111 125 655
111 176 57
111 193 286
112 113 33
112 179 838
113 114 31
113 153 646
114 115 31
114 159 598
114 176 613
115 116 35
116 117 14
117 118 50
117 136 760
118 119 47
118 179 247
119 120 46
119 125 325
119 127 878
120 121 36
120 144 727
120 195 175
120 196 887
121 122 44
121 170 81
121 179 246
121 193 362
122 123 29
123 124 6
124 125 37
124 163 808
125 126 2
126 127 47
126 183 891
126 188 323
126 199 387
127 128 40
128 129 5
128 173 872
129 130 20
130 131 31
130 175 160
131 132 36
131 141 980
132 133 46
132 190 356
133 134 32
134 135 24
134 162 926
134 174 995
134 177 506
134 194 538
135 136 21
136 137 43
136 149 359
137 138 24
137 172 383
138 139 36
138 183 159
139 140 49
139 146 684
139 154 739
139 166 117
139 167 108
140 141 42
141 142 15
142 143 31
143 144 22
143 170 582
143 198 738
144 145 50
144 151 902
144 152 249
144 183 985
145 146 44
145 152 929
145 162 790
145 183 20
146 147 13
147 148 19
147 153 54
147 171 799
148 149 21
148 193 664
149 150 46
150 151 35
150 163 520
151 152 29
152 153 11
152 165 72
152 180 481
153 154 40
153 193 53
154 155 43
155 156 43
156 157 9
156 167 938
156 187 835
156 193 577
157 158 6
157 182 242
158 159 35
159 160 17
159 183 694
160 161 47
161 162 1
161 176 200
161 194 250
162 163 28
163 164 2
164 165 49
165 166 27
165 188 756
165 191 424
166 167 16
167 168 27
167 186 833
168 169 47
169 170 34
170 171 44
171 172 26
172 173 41
173 174 40
174 175 1
175 176 32
176 177 47
176 190 815
177 178 30
178 179 24
179 180 49
180 181 25
180 200 81
181 182 30
182 183 5
182 200 516
183 184 9
183 198 521
184 185 4
185 186 17
185 191 50
186 187 28
187 188 46
188 189 8
189 190 8
190 191 7
190 192 388
191 192 32
192 193 47
193 194 39
194 195 38
195 196 48
196 197 48
197 198 31
198 199 36
199 200 26
