83
99
28
21
233
179
4
34
48
62
11
70
5
35
158
183
70
220
205
18
43
93
70
38
131
100
59
192
98
172
76
55
202
16
30
142
29
2
5
126
68
20
217
18
7
58
89
121
83
94
78
11
65
220
154
200
224
82
182
23
6
108
176
11
161
56
47
46
93
41
97
54
32
53
18
7
34
148
30
150
65
82
89
30
195
116
4
63
77
87
16
283
141
43
24
134
11
66
63
201
94
63
264
107
94
118
163
98
103
311
103
34
81
232
43
21
160
242
89
28
64
119
91
1
30
19
44
42
135
79
147
61
39
89
55
207
189
27
82
22
99
121
171
186
111
253
251
72
135
31
0
11
85
48
142
129
109
7
177
135
102
45
34
109
11
181
165
132
202
211
82
255
95
33
96
11
292
159
101
19
84
8
43
76
56
30
239
32
60
31
9
3
47
95
53
6
142
62
142
221
171
146
239
43
26
54
2
41
93
118
73
21
49
102
164
119
46
39
113
82
111
141
213
74
91
179
235
89
175
2
141
13
56
101
151
35
91
197
8
24
56
38
65
144
18
21
75
118
123
36
4
24
284
33
115
33
54
222
70
81
57
49
162
107
234
66
290
108
20
11
26
68
85
73
296
56
118
227
25
158
53
137
60
1
136
38
94
9
52
85
124
198
118
232
45
27
43
165
185
115
140
21
57
63
68
175
183
205
49
70
146
74
59
114
207
295
111
162
127
77
211
30
110
81
30
104
146
123
69
22
43
56
100
32
79
9
49
107
321
135
5
40
89
219
48
31
42
44
12
237
218
169
37
81
199
2
6
40
147
143
39
89
61
17
245
13
172
201
1
79
88
75
33
299
9
105
19
4
22
76
161
200
51
127
89
224
34
41
34
320
136
31
101
138
105
11
39
224
22
134
103
95
95
102
129
12
154
73
83
74
115
234
225
71
16
30
19
32
17
4
2
20
81
34
6
83
171
55
105
109
95
49
65
99
44
27
112
28
211
23
5
61
130
103
38
134
198
9
32
54
178
35
83
26
187
29
95
40
70
40
50
101
23
79
266
79
113
92
122
80
10
46
8
79
11
38
30
155
163
44
171
161
164
81
73
1
126
23
115
284
36
44
109
121
144
106
173
68
31
3
16
125
113
74
45
90
2
44
78
3
76
68
93
124
109
35
81
79
44
12
89
42
74
85
30
195
91
247
1
3
36
55
140
34
230
5
70
48
78
72
176
11
172
173
75
77
58
236
119
186
14
18
71
132
165
152
17
56
137
39
126
66
38
29
114
138
31
169
10
2
35
190
34
272
137
159
178
44
28
93
96
144
238
143
94
3
99
210
28
36
77
140
24
93
139
166
187
214
23
60
30
27
148
111
89
103
10
135
50
176
184
7
37
64
123
99
71
90
80
37
32
110
80
32
240
186
163
200
119
12
12
22
9
47
193
115
210
149
5
39
6
95
194
15
101
150
33
20
185
107
22
55
9
273
7
65
140
195
1
55
5
66
87
219
7
31
204
174
108
156
98
38
32
35
216
204
70
58
124
118
155
30
229
39
139
18
138
165
50
32
39
51
58
85
1
41
180
101
92
170
157
30
22
220
100
62
248
22
187
18
73
18
82
19
221
63
77
208
142
49
161
182
125
10
208
210
90
207
18
99
7
115
169
124
32
1
97
30
41
32
225
29
227
123
51
21
26
287
6
181
0
170
86
141
97
129
94
210
106
89
45
40
123
25
9
79
248
52
98
16
72
19
9
171
51
134
25
127
101
111
44
3
97
56
120
1
223
61
63
155
82
42
155
119
103
151
127
101
198
32
54
64
94
121
24
225
111
53
118
178
83
16
20
46
52
22
139
167
62
170
116
73
209
23
62
127
38
262
67
96
175
191
89
213
60
262
35
17
164
34
237
107
173
80
69
22
16
75
48
54
136
180
171
209
2
108
15
66
42
82
178
58
99
70
21
70
11
157
1
70
34
14
69
108
126
33
174
46
94
16
116
62
41
197
121
257
19
64
139
69
11
78
13
1
69
35
49
41
115
92
97
200
23
57
3
111
28
100
51
115
19
280
57
14
31
17
184
19
72
207
10
44
105
36
72
85
177
64
9
328
238
231
78
103
49
177
214
174
16
62
37
127
25
41
102
109
17
241
53
81
223
52
51
103
153
167
3
102
31
86
48
90
36
86
120
140
112
194
0
129
144
86
214
129
129
224
106
186
45
102
35
52
61
25
11
17
114
61
208
104
20
46
17
158
143
28
34
95
105
64
174
78
60
164
195
2
89
107
64
165
24
48
38
55
176
113
89
27
34
68
4
280
6
101
148
76
186
9
203
283
113
2
243
201
30
47
157
19
124
144
82
70
71
79
14
16
130
11
6
3
108
10
102
47
206
233
0
186
24
83
69
90
43
266
12
47
126
20
7
89
272
38
42
65
119
50
228
154
40
82
44
147
319
135
217
197
85
135
19
143
47
177
30
129
231
90
131
6
241
188
16
80
108
57
75
72
154
60
204
77
58
0
201
9
118
116
106
99
41
69
169
202
24
259
9
150
136
59
194
119
185
122
40
286
156
40
16
20
48
46
70
114
93
156
12
64
52
19
274
100
81
237
133
194
230
140
99
48
97
75
72
58
58
36
91
111
16
55
57
44
151
4
129
66
84
94
23
110
33
14
188
56
4
188
108
213
7
177
198
44
111
45
48
97
60
65
120
28
83
260
56
54
30
80
20
66
195
144
86
46
79
50
89
33
54
4
109
178
11
39
46
51
143
102
141
18
16
115
170
179
136
53
94
144
157
155
50
88
169
168
24
15
106
181
107
13
80
87
237
94
82
18
117
135
178
108
181
181
209
177
119
74
150
15
11
144
105
203
78
141
61
17
12
225
49
54
144
198
78
178
8
46
264
43
87
262
261
210
87
82
200
241
229
235
80
76
7
134
96
96
18
91
130
6
4
30
26
239
66
103
248
80
58
120
76
93
82
180
10
139
260
141
324
49
71
78
240
12
101
132
177
102
273
246
101
167
45
217
184
55
84
195
126
72
30
128
22
11
56
168
26
192
96
247
122
40
149
114
49
219
192
58
65
164
160
100
238
13
117
20
77
117
10
158
103
24
89
72
207
126
33
24
39
33
61
101
50
9
81
15
8
7
186
66
128
235
52
176
222
32
46
169
113
143
86
127
97
116
186
51
269
50
48
14
146
141
55
146
16
20
206
70
75
105
184
214
2
34
72
188
50
122
76
41
132
17
24
188
106
67
222
125
189
57
52
30
47
50
147
171
97
33
35
25
49
66
51
13
125
132
110
131
140
66
15
95
41
10
245
85
0
61
220
44
20
154
161
173
13
16
112
131
28
48
212
64
56
224
207
29
47
132
82
66
297
10
204
25
114
131
82
20
83
209
9
152
206
98
69
226
70
194
95
84
197
163
100
184
227
180
1
188
27
63
55
70
93
21
27
22
20
112
268
27
199
144
34
88
105
38
182
3
149
256
17
139
19
49
92
17
30
9
163
146
32
143
115
60
229
67
160
87
6
111
240
158
29
116
2
100
108
9
13
79
64
4
83
36
71
43
10
101
85
0
266
70
93
38
93
6
223
91
67
330
36
30
76
9
137
117
187
21
114
213
8
99
91
176
212
19
103
40
33
40
25
151
91
268
13
45
17
240
90
63
199
186
295
205
251
66
87
142
21
18
102
121
220
91
185
149
17
245
79
59
113
99
23
138
39
60
101
1
135
88
196
107
169
131
48
38
10
13
154
119
60
85
1
259
5
56
184
63
29
116
134
196
88
64
111
201
195
91
34
148
66
287
165
32
39
85
132
169
42
17
47
22
93
142
65
27
68
95
260
64
36
21
315
8
34
73
132
171
16
36
111
20
21
3
273
186
103
42
85
159
148
115
167
85
1
14
105
27
213
27
190
14
36
191
121
37
49
45
262
45
31
27
17
95
6
163
17
137
112
132
35
25
106
1
187
11
144
26
58
249
49
44
186
64
243
15
28
16
232
88
70
167
230
44
83
116
123
60
47
32
130
131
54
8
50
62
13
39
220
67
98
176
90
2
71
133
77
3
183
59
83
117
145
65
64
17
228
17
66
28
102
183
23
46
53
60
16
167
91
130
84
37
5
252
16
238
69
1
15
138
21
12
53
15
174
159
7
37
90
21
240
18
120
111
273
92
4
39
185
69
177
18
5
134
128
88
139
226
109
105
15
146
98
156
112
3
94
190
206
313
102
150
61
165
119
221
184
68
60
76
44
51
177
81
35
6
80
0
44
32
130
33
70
57
14
41
4
280
3
131
21
197
22
55
6
45
18
51
166
3
57
45
62
117
28
129
83
154
9
81
6
80
99
256
18
52
173
93
195
201
162
35
148
68
171
75
12
115
102
29
175
60
18
50
68
201
121
1
112
103
146
11
13
196
128
44
213
86
116
33
16
81
14
3
26
53
101
90
30
43
138
89
31
74
4
4
46
162
60
163
12
153
162
207
88
38
116
155
15
172
70
170
54
172
19
87
162
93
177
107
72
79
151
28
99
0
144
39
81
45
153
86
60
86
17
111
146
4
255
231
0
19
79
79
20
73
96
124
34
69
65
81
14
83
127
9
12
41
45
156
110
43
91
32
48
175
108
102
129
14
78
151
11
152
3
89
91
32
8
76
32
44
196
14
17
83
144
157
113
6
30
307
57
229
155
187
17
37
131
77
158
145
64
13
74
181
72
141
26
29
61
133
36
187
68
0
165
166
3
150
132
132
23
81
252
66
83
16
22
171
10
85
128
4
174
39
108
5
45
12
20
38
50
53
47
175
34
88
70
244
71
98
220
197
39
100
78
107
146
22
109
25
47
52
144
37
112
0
141
91
83
1
11
145
95
205
134
77
18
75
103
36
94
171
19
46
161
94
103
57
46
106
162
134
39
293
3
212
60
253
31
195
8
149
107
52
96
32
166
109
35
94
79
17
14
28
124
73
63
214
195
154
28
27
26
64
151
90
22
175
32
136
57
100
63
44
13
134
55
28
150
54
68
178
289
129
49
167
248
208
71
158
52
19
197
123
166
25
60
80
105
15
122
36
196
10
18
9
59
134
40
216
75
82
32
222
193
33
42
81
69
105
54
88
45
66
183
96
10
252
53
38
77
127
91
34
79
47
11
107
34
262
51
42
165
150
87
51
165
34
165
219
54
167
34
78
22
2
85
92
118
9
27
30
249
101
123
52
90
16
81
192
55
91
45
138
155
30
44
92
7
15
99
68
165
161
7
177
82
39
52
177
65
112
168
60
102
93
209
76
133
143
13
25
36
161
82
155
73
39
124
170
81
230
30
88
58
17
137
17
203
19
33
19
10
116
78
14
75
296
105
150
108
7
35
88
106
33
114
225
99
225
112
115
5
114
32
7
209
63
52
305
77
37
177
119
38
12
20
90
151
73
38
30
44
15
107
127
47
9
20
32
203
218
33
22
69
71
151
155
100
170
88
98
28
171
71
95
12
87
52
45
27
81
114
118
153
196
262
112
7
73
3
142
4
12
7
18
242
45
204
205
70
118
118
193
253
2
77
38
159
161
139
120
201
25
247
76
13
6
39
106
80
43
174
133
16
14
124
76
56
13
72
11
26
112
30
52
113
109
117
7
178
176
139
56
50
70
84
36
38
49
218
10
202
36
107
66
28
313
54
27
172
19
33
2
47
1
16
106
52
93
74
54
10
19
53
212
224
116
8
158
14
29
51
98
109
94
225
95
27
184
184
13
224
9
43
7
0
12
55
164
196
75
170
62
32
269
17
152
74
144
121
81
67
245
62
166
234
35
149
23
97
48
162
288
147
272
32
121
30
174
160
51
40
26
25
160
56
98
61
11
110
39
80
128
194
132
75
38
114
67
31
88
157
0
17
86
27
218
35
57
61
36
91
100
283
29
269
167
81
88
57
237
68
110
98
193
97
63
113
54
51
85
20
104
85
32
113
223
48
120
38
9
167
57
135
217
153
24
70
127
161
125
106
201
11
149
30
28
59
124
30
54
7
26
55
176
30
54
18
223
191
182
83
175
127
81
119
71
202
20
8
95
284
27
42
110
69
63
31
177
3
198
94
140
174
68
154
145
65
51
53
224
86
130
245
36
37
202
71
232
45
142
95
33
50
88
109
161
142
35
90
152
17
102
17
116
41
144
123
23
34
116
18
117
182
163
26
249
76
85
115
47
14
9
7
106
33
137
92
114
51
58
23
26
201
75
115
110
155
27
164
155
41
0
235
0
17
92
172
20
107
200
60
18
87
155
268
164
32
163
12
70
41
77
177
30
6
25
186
56
199
70
18
127
44
10
116
34
49
201
102
200
35
269
106
85
135
198
248
91
80
164
71
64
142
183
27
33
32
42
39
17
49
99
49
31
36
97
287
15
156
5
128
65
56
147
34
31
47
126
34
60
13
84
125
117
30
121
314
105
226
63
137
77
148
98
37
60
0
59
77
256
159
76
70
66
58
43
36
88
29
141
36
40
37
290
51
89
35
222
58
170
156
20
92
18
37
197
131
203
106
231
124
156
64
235
118
44
132
3
59
39
200
7
178
44
13
6
65
49
81
36
140
14
189
23
185
112
17
95
133
224
138
33
151
21
27
11
183
156
146
114
27
28
244
224
9
84
35
35
68
40
7
59
113
31
139
70
95
126
46
40
37
78
48
83
109
40
41
248
91
56
26
181
28
65
33
260
33
28
65
54
119
60
156
3
128
59
97
148
147
16
19
53
152
184
48
173
61
55
18
176
98
18
24
207
27
167
3
23
217
145
138
9
134
77
9
64
52
16
97
181
90
154
30
14
206
216
143
11
104
251
137
99
18
144
163
142
70
69
11
101
2
27
179
117
98
51
63
155
82
6
135
164
69
86
335
85
38
125
26
29
151
37
256
80
252
71
255
89
86
153
38
221
37
53
115
61
10
31
196
69
173
114
195
109
141
138
104
23
10
55
137
42
47
61
57
185
50
73
127
89
170
4
6
3
8
7
85
114
152
132
82
58
201
162
77
106
45
73
223
26
133
24
26
37
66
261
206
63
40
205
168
10
142
4
56
18
105
189
21
151
16
66
70
172
88
109
168
137
22
151
218
5
120
17
176
137
37
212
126
0
114
7
186
4
131
29
253
49
106
2
189
68
4
163
35
112
164
81
83
22
208
167
64
282
57
85
59
200
54
26
1
106
111
3
267
68
88
112
147
19
107
145
202
203
15
110
47
149
73
13
64
21
144
60
113
143
247
94
145
115
39
99
153
50
61
57
98
212
77
139
155
230
4
129
34
178
47
178
50
28
36
104
137
112
34
39
45
158
150
52
7
290
42
62
21
130
42
11
47
75
75
188
3
9
85
19
107
115
14
80
21
157
144
119
7
34
100
87
148
3
60
134
148
28
76
55
108
58
121
65
21
249
79
81
37
83
147
91
81
110
37
97
165
10
48
129
29
19
51
47
11
96
17
2
77
150
91
160
49
50
29
215
22
65
70
100
150
50
9
178
9
85
143
253
95
97
6
138
210
69
157
134
80
1
104
106
68
200
62
203
240
179
256
51
29
4
226
4
36
2
83
99
108
11
15
162
34
89
16
162
13
127
47
195
85
85
218
61
126
52
108
203
16
149
40
123
97
2
233
79
217
41
65
122
27
2
13
122
48
5
136
36
148
49
157
50
16
119
21
7
8
157
42
66
70
101
29
152
90
77
24
129
19
79
62
8
88
40
187
111
68
89
197
36
194
275
63
42
41
17
110
19
39
55
2
148
74
13
43
10
50
86
296
32
108
175
87
25
45
216
156
145
174
188
62
114
124
223
128
13
79
154
20
113
29
27
204
38
76
47
69
86
13
29
80
163
122
1
184
52
295
7
134
246
227
140
35
78
107
54
38
215
43
226
292
168
1
30
57
69
19
178
94
34
27
261
171
47
199
135
79
45
5
25
151
127
54
262
158
57
176
104
88
119
65
28
135
136
62
39
30
110
62
53
71
56
91
174
164
76
95
181
88
167
112
58
265
71
21
1
116
14
17
19
12
99
3
80
67
31
139
68
4
43
217
19
31
74
166
4
162
204
17
195
160
197
89
112
57
85
92
38
75
32
156
73
89
18
145
243
120
129
54
27
131
96
262
53
34
80
52
27
164
115
270
86
302
129
192
87
66
26
10
51
243
222
0
81
65
82
55
34
48
145
116
105
74
238
52
103
81
79
48
49
8
205
63
42
67
83
135
5
133
74
14
72
211
180
28
30
18
185
30
179
2
101
142
164
36
47
14
171
58
8
11
88
92
184
9
51
63
96
20
79
4
78
27
192
79
64
95
7
54
47
207
51
2
203
92
70
15
176
30
109
128
30
39
176
106
85
50
273
171
2
23
40
105
34
15
104
123
81
53
151
148
106
66
111
160
19
50
82
38
223
108
240
210
57
122
8
154
139
128
22
23
34
32
17
44
265
20
49
122
22
36
6
208
195
173
196
153
32
118
181
38
216
37
154
88
127
30
62
5
109
3
13
201
161
156
11
113
178
52
181
77
287
47
73
77
183
17
84
144
69
196
33
96
132
67
123
91
19
25
14
40
187
123
47
28
151
10
32
9
21
88
41
64
202
21
17
158
11
13
58
188
78
83
51
107
80
163
88
48
75
228
108
106
147
61
34
24
100
206
32
82
42
12
32
87
226
33
99
143
127
100
172
11
64
124
63
41
66
110
109
70
87
6
68
40
34
144
114
176
99
106
200
136
190
77
75
305
139
106
40
115
60
8
80
62
219
225
53
44
197
62
85
271
304
78
45
237
79
138
227
29
57
18
83
123
153
9
131
169
174
205
187
45
83
170
162
84
47
162
135
0
49
75
4
71
206
132
37
49
226
222
37
80
112
128
203
205
6
182
194
80
208
31
56
111
5
19
30
136
4
53
307
107
6
71
223
15
38
146
79
33
32
152
127
199
162
56
100
68
104
212
140
8
22
181
38
233
225
62
1
145
40
196
96
74
178
103
154
250
161
21
73
201
194
32
10
139
27
5
163
13
127
51
150
39
5
59
109
82
4
22
155
261
138
85
103
34
171
84
37
30
58
66
28
198
28
134
117
125
13
181
41
118
192
43
90
74
63
164
147
84
144
108
95
98
205
129
50
107
94
0
293
122
129
168
220
313
109
198
61
108
69
3
126
91
113
157
3
68
27
88
37
50
52
108
45
18
93
49
57
164
32
140
235
130
88
245
60
60
62
199
255
43
96
74
90
4
59
7
55
83
161
72
211
87
41
105
17
76
58
48
20
149
100
142
139
200
106
60
185
97
81
22
253
39
135
185
88
195
90
17
73
39
127
36
32
70
20
1
24
95
17
181
14
23
23
59
15
10
96
95
29
5
53
109
79
41
86
123
2
122
19
208
114
61
184
140
272
18
69
54
147
202
70
5
128
34
43
6
46
163
3
72
0
0
17
51
212
53
20
145
31
58
12
47
89
56
201
98
112
175
30
99
154
52
27
57
22
135
245
21
124
15
100
38
9
34
243
83
20
125
217
39
207
168
55
199
154
11
223
36
68
68
17
11
117
0
223
116
105
135
68
37
21
12
42
249
35
183
31
23
0
133
26
99
55
141
132
7
15
85
100
92
71
12
6
138
77
40
171
83
31
82
28
154
94
101
41
57
198
69
18
3
18
44
3
185
1
228
115
51
48
0
91
26
12
8
45
31
18
137
33
155
253
131
97
183
19
263
47
59
57
36
179
45
75
122
70
187
24
2
62
18
223
2
65
57
3
158
47
49
69
30
140
135
166
261
138
3
66
176
151
140
85
19
225
97
154
179
161
183
132
46
171
194
81
21
195
44
33
1
109
280
31
124
24
239
191
164
23
110
33
183
134
4
51
128
123
140
100
188
15
101
115
66
146
167
192
113
164
18
10
32
113
14
149
0
58
179
150
32
146
47
2
43
54
49
6
54
163
66
121
129
189
162
142
47
65
59
214
222
117
108
83
31
32
226
188
269
63
181
74
35
160
80
170
139
77
29
174
204
156
34
51
217
35
190
28
108
7
6
52
62
2
122
124
12
167
60
21
161
35
188
0
15
39
113
34
221
121
74
129
111
3
43
127
197
3
18
37
54
23
128
178
196
265
21
71
93
49
203
239
148
93
49
149
166
20
75
24
103
45
156
203
9
152
1
84
13
86
312
94
60
225
100
153
67
109
74
69
119
44
6
154
245
77
151
69
54
234
27
107
180
114
238
203
115
31
9
239
18
120
5
40
63
129
132
82
54
21
74
184
133
131
92
72
112
37
246
102
153
72
56
53
80
172
150
78
42
56
0
117
72
172
4
208
8
38
22
45
38
58
107
174
183
46
26
36
14
0
68
193
9
45
123
155
154
48
130
237
99
6
29
101
223
182
248
272
23
194
246
211
15
179
141
96
60
88
50
49
193
33
65
17
5
22
51
10
108
107
103
152
109
203
12
195
180
276
45
165
51
12
175
24
122
182
117
75
2
263
227
143
11
161
121
19
151
63
57
8
47
2
10
57
46
106
12
82
4
91
11
241
92
21
26
207
21
276
39
214
133
34
7
97
109
239
151
57
125
47
12
174
47
151
87
94
140
127
13
60
91
141
10
179
159
195
195
125
157
116
204
19
88
86
73
120
41
154
48
12
210
81
62
78
72
63
204
18
170
165
97
54
103
191
291
98
49
68
41
3
16
48
16
159
237
147
114
247
17
112
64
93
45
251
93
88
65
32
15
65
276
88
152
86
89
195
82
219
69
190
55
100
203
108
56
50
145
291
49
185
45
48
60
41
64
174
30
163
293
59
143
29
131
140
110
0
4
285
5
71
68
272
43
97
57
32
53
218
112
68
207
92
76
51
2
27
122
168
157
188
101
42
14
181
30
101
73
107
274
50
111
22
105
138
136
105
54
64
241
45
48
44
51
59
134
28
46
160
157
125
21
86
0
76
102
85
101
287
9
111
1
20
159
51
129
199
20
162
263
30
88
190
79
160
16
9
198
84
146
162
93
42
43
155
5
185
47
7
24
100
47
4
157
93
47
141
100
74
15
29
183
126
20
158
1
211
96
171
139
19
34
37
53
249
99
145
100
21
196
31
92
117
106
276
160
40
70
43
113
146
44
34
42
241
163
90
75
136
79
48
15
197
44
114
11
26
138
189
152
172
33
3
149
187
183
292
133
78
142
123
97
114
286
143
20
7
121
89
116
3
15
225
108
106
97
29
27
120
166
165
34
57
108
134
0
110
91
273
179
31
9
32
43
53
48
190
104
117
