5000
249814 670009
1053853 1995111
1073372 1357274
1803553 1998484
215247 1854135
468263 1876548
1260454 1303348
882095 1167190
1200765 1642855
1148845 1766646
1532053 1628592
1029503 1610856
1575017 1621253
925045 1230025
5317 503180
169291 1288081
232233 602388
205631 1712874
24095 942996
1708683 1868488
1028207 1436924
658996 1424783
440875 833027
527463 729093
747922 1948921
789253 1688494
1077073 1564414
160056 1337392
713861 1516477
188043 1169060
612625 1128405
603146 959339
295466 1838102
1352235 1476345
1210946 1502433
51884 648019
1490788 1777955
762405 773525
885456 966941
190180 836290
1228341 1868498
1045338 1162765
244211 1818705
892221 1061913
1573173 1683069
1258639 1817718
1029768 1835919
834979 1922575
542416 1100278
880734 1771000
1182795 1942453
1004936 1075734
1086299 1688572
53219 1206947
470864 1606056
270532 1715749
102526 1477786
1097266 1859808
215120 1406106
1305080 1504304
900539 985748
298662 1011066
480097 1854526
1781802 1857913
255882 1314225
957973 1469491
984417 1414118
1498465 1949230
526400 1144275
843225 1173979
645143 1404577
1149552 1677308
1052561 1356572
1004313 1464492
1687987 1854828
842948 908208
424741 617349
564211 1744501
19457 69437
314247 1374984
1252574 1849777
960974 1685162
1096579 1943973
754842 1026594
419091 1932547
545493 1452589
978650 1018314
1072206 1607895
1042616 1732613
910647 1694415
1169873 1392296
70508 1902677
608321 1743580
664080 959775
1702682 1922695
206307 919500
1445638 1502650
1080398 1646442
542810 949845
383883 1933514
892920 1766726
1004844 1526674
134838 1971613
558821 1360106
1045266 1894283
202718 776218
408079 1567730
862583 1796500
306938 942451
29430 1922001
450 193293
946300 1217692
1146285 1954921
174203 1753965
1279545 1664659
416898 519755
253377 1302489
93658 1576756
563163 1145987
1401900 1588933
749210 1332550
10762 324559
657339 1393730
1204361 1222778
1613818 1942390
1805021 1992161
1031777 1446526
1510942 1966110
282833 1144635
467515 991920
275182 1232990
1254384 1837094
1058479 1452377
177071 609602
876147 1402063
335801 1960956
283843 1642990
1640837 1918929
641739 1228994
864110 1064730
818745 1694490
311505 1090585
412505 1692210
29638 788544
222581 816523
154002 1861792
107743 1748606
727751 1355333
741141 1959882
1613831 1981959
53651 54088
998297 1070362
687364 1431925
636847 944014
683763 1916708
254539 1043481
978497 1989742
1198772 1297312
358056 1688080
322733 1239967
434082 1089710
909342 1307247
705523 962211
489323 1254559
1422916 1490831
145771 1147886
71625 837095
409982 1357342
363572 1932434
94870 1359440
1142460 1952359
101058 1759471
947539 1820529
1343967 1582742
395376 1014689
1423201 1490962
42930 1840917
270827 1354033
458698 1111359
1647123 1851087
1083920 1876147
288825 336365
1386686 1770784
390083 817831
572119 892034
868404 1117806
164961 1820426
639443 803599
392586 721560
366363 552483
972902 1043549
1636300 1709168
603290 871866
371118 980840
683231 1089126
932359 1010939
251881 1105729
1100375 1670598
574270 1670828
198321 1711597
449486 1778114
10290 485146
195287 1842603
952347 1354089
692989 855645
1143075 1642730
1748092 1781518
1405930 1775060
57012 382630
738094 1775325
328749 737573
1178606 1441074
1200269 1660533
454124 1129064
230045 1301881
588194 1501589
1165598 1575479
1191271 1532958
449704 1195032
618032 1180344
562249 1405738
278122 1165461
212770 1639010
202231 553047
359191 914471
222375 1435601
126724 1591976
747119 1514897
389013 1682582
1321389 1354645
222971 1062475
580464 657565
1233355 1756138
134041 610349
659769 1954165
338463 547061
131868 537133
29090 863278
1817170 1883357
1629026 1897735
539058 869330
32361 120193
202272 493305
48189 649948
196861 257994
1176878 1438284
1208970 1963169
734648 1798185
660551 1635270
956397 1273508
1312248 1373043
1290054 1497822
79716 1939330
662835 847651
452223 1274620
970290 1245830
893648 1417507
250486 1842147
784644 1439620
1051224 1806280
1429009 1937208
527598 815893
612121 1986138
747254 1712988
120862 1542220
915915 1499827
49627 1842176
590205 1458153
607244 693211
1524897 1613027
1677394 1920702
256515 622734
873752 1610391
668747 1228106
42511 1893647
718242 1136987
414081 1176216
117746 1513470
236136 340000
257291 1298076
78265 248059
263576 1095939
742479 1251902
1358733 1375313
60387 633847
890809 1212422
264867 746528
805530 870945
501863 791010
882872 1628649
460463 1389560
262582 1625101
384760 1138602
59597 1387399
1504219 1960137
1135254 1433934
832274 1163707
534721 1864676
309716 1649632
48995 478689
34805 580559
1004209 1134875
553264 876359
290787 660069
1314450 1980191
187585 1244977
376026 1760672
79712 1159689
1363597 1816400
1078036 1727602
556214 1719380
714528 1327512
1091462 1582370
665843 1558379
117978 1379650
23929 1762977
509204 1316715
122259 986806
465231 1424268
1066655 1807971
316350 1944543
1562784 1900116
836921 1828146
754832 1483253
1657095 1994393
487616 1177742
578316 1738650
720767 1806096
421486 785860
753107 963156
959575 1335911
1150909 1701709
994183 1881194
1412231 1653876
654719 1217565
331969 394061
860963 1317048
322501 1016820
11141 1874431
743300 1993224
1706567 1751249
1097289 1472933
856325 1668006
78658 1340326
176597 361913
627126 781807
1146566 1533037
289326 555778
1498872 1550888
211293 1894792
38489 1118655
455341 1782186
1458781 1779879
643220 1221358
93625 1200892
798140 824761
1083382 1130326
1350665 1702987
331444 1387833
220038 1066952
179385 297571
816238 1536325
699632 1148172
548289 650999
87219 1546295
1243029 1388872
397992 1650971
340182 1885157
614285 619273
598904 1134907
281030 749153
395728 814980
1320825 1566580
19817 1776937
1270773 1358499
1006660 1969683
745871 886369
1619779 1703158
1628388 1891899
1126954 1839106
358374 1514104
61894 1082531
376698 659917
303555 1130569
59599 343804
244734 1860579
1080018 1400276
1477201 1850369
1349319 1608126
4180 1765621
133381 785505
634702 771746
453388 1115963
323437 1257237
520420 1279303
222864 265343
684284 1016208
225222 1832865
1523843 1755685
153369 799433
550653 1293849
632283 1358003
246520 729389
994851 1907360
253628 1045955
1088311 1165164
518054 1737792
752202 1433476
956164 1709769
1227496 1924533
173120 723768
144778 1633780
184272 1695379
1037699 1631504
556384 654368
1388543 1579770
353039 474058
681580 907222
1061731 1177712
676739 695653
1883476 1902340
1377937 1518022
1034305 1797788
657841 845299
370659 412062
970998 1691098
461733 1814917
1445277 1928838
730957 1591373
734224 1650846
859204 1744038
1237034 1684517
446434 800333
323757 926254
1188185 1558247
1377498 1543737
267565 904494
561260 689909
247143 1752478
558800 671163
1764084 1817775
552859 932079
304848 1143195
562409 1314657
491349 695777
300869 1177133
258447 1619888
561850 615451
960631 1204581
841473 1327901
45553 837710
1152878 1502532
690321 1413727
706400 859121
199244 1424335
1608840 1935451
1037430 1905352
1422294 1777037
1327470 1998016
1400119 1763760
1145909 1603001
440221 1083580
738535 890109
692996 1359429
125896 1935444
838366 1519254
22054 362745
560056 1172145
528849 1471556
273888 700479
1214151 1351336
869528 1282854
1632008 1746765
998126 1682106
1785372 1864757
710404 1012753
24651 78635
461105 1588112
253422 1334357
1385541 1786549
563389 1975514
37306 684960
438776 1635298
958686 1658313
580723 1079912
1306162 1321563
165651 774761
1165525 1452141
393538 1130285
23895 1612583
200474 326794
460126 692027
971956 1977803
432793 1271048
358148 1411685
648961 1479576
176754 1190399
874596 1492815
1094297 1428456
1172640 1235351
226611 279452
59360 568067
879832 1969288
93281 388516
1153922 1539837
485186 1076734
1909377 1978632
987277 1379686
715688 1390521
720495 728579
666515 1272147
535508 1005989
1024075 1852333
685840 1759430
76999 524504
1027616 1349723
45665 279414
1008058 1696495
532369 767952
1583273 1754305
416777 977520
573855 770792
1074359 1766322
838707 1535423
457798 637677
113641 1220005
861635 1709054
135382 1809704
1514279 1522305
1353620 1386554
1067370 1430378
1116257 1606100
626223 1799392
1012081 1292707
190252 1788977
1068782 1095644
681780 1249549
666761 1026001
712214 1385292
379923 755143
163722 1178691
1673381 1810891
365635 1592418
539997 1986996
1107283 1827737
1091658 1820962
802851 1322343
223063 1940925
450561 1277912
60558 972680
439712 505196
899655 1065427
1104313 1794082
265261 1077270
443084 1660278
567665 1806305
1626940 1832509
1024636 1502377
286705 1172073
1422901 1762834
683171 1796859
762832 1364987
822089 1117160
1290246 1522852
396475 1130563
318753 1272495
1156180 1478112
321092 1528284
275267 301945
1672093 1711043
1377793 1675950
128091 1201549
1398054 1681609
72403 1814919
587974 1655727
627768 1973364
375363 1718946
291901 561112
1133133 1453224
268415 747953
352940 959017
391271 1453288
112499 1575715
389305 1425910
322750 868049
1306106 1344748
1027066 1913402
60839 1145194
463339 630506
763694 1079149
1138222 1862326
192917 976519
1426892 1566883
325098 853114
680534 1887714
305443 1499081
84460 1065854
15866 987419
121991 198510
740351 1228953
1477744 1769660
1464797 1705942
539447 1713179
689486 1587036
58906 343537
401243 1055421
1712231 1822611
188858 886762
908345 1391250
418248 1747150
357921 1765408
471133 505668
1037164 1387525
446094 780875
332428 1123785
884943 1825357
887469 1512278
963405 1795515
761669 1478583
438686 647408
1319836 1548557
923748 1961095
1172345 1987953
1010423 1272152
192444 1842790
442613 1881008
409882 1549907
242963 1585559
165296 742258
1424014 1499059
1304819 1442655
241482 331491
360967 426914
909299 1344497
396991 1886349
897366 1988108
63968 1146941
303841 1359360
1878576 1916106
1330176 1655600
563572 602129
765938 1550075
19970 835301
999451 1092654
965119 1859623
572704 1762592
742777 1023771
225367 289298
301975 1663738
466810 1173666
752868 956338
791471 1276205
1243692 1327588
101158 1951882
1405138 1464204
684201 1174813
534475 1583154
165315 1430320
966764 982642
725495 1145251
1670283 1732150
1101839 1721691
1112145 1984760
206175 1706211
579059 622348
78079 168911
87816 1237758
147327 1106538
948833 1934753
228166 1183588
809993 1675909
1353648 1678122
958324 1205815
1003763 1286276
46068 1134105
321082 1883611
281692 667762
55751 220524
192643 821745
352690 1121490
534667 1804553
38244 96868
149162 1570623
1262398 1578274
250978 1092226
1536037 1796216
702366 1898095
321354 1504156
643896 987301
507529 675817
1503584 1880417
982870 1447991
508626 838943
500029 1078121
1779300 1806041
655608 878430
86581 1025413
522657 1249251
386478 919651
395531 1612266
238484 1233910
998898 1238479
800314 1012584
34289 1111312
1046386 1982729
458367 806820
71392 1531424
976061 1110522
294207 1645432
505491 617974
1093351 1804776
560587 658248
905362 1608488
1541961 1811170
55152 1217072
741281 1262939
1090536 1823511
348884 1998965
256204 1112280
772775 1180172
454668 1689971
159345 1230114
356649 1163209
850188 959002
232909 1693978
221583 1681364
872241 1688622
12105 840785
412392 512369
107193 550878
1576562 1678565
354414 1100422
558660 1912960
177320 784837
351549 535509
1911571 1964470
76222 458339
1481943 1766132
1323061 1684169
1179317 1494497
242620 1886162
938259 1152805
74605 1398833
745893 1851110
979323 1455140
1763488 1990705
1081060 1322214
72695 1958697
1891891 1953584
398467 1801779
1364058 1365676
98598 1009697
191030 610933
353040 1367068
137383 585364
15317 429078
601676 1295511
91447 1355499
988563 1939432
149552 543881
1469484 1857264
1146155 1526114
351476 1148095
1083586 1333142
1132918 1224130
499100 1038651
111618 1720113
738225 1135968
478772 1125668
824140 973129
183420 508115
31733 65944
809161 867186
187432 1165770
925124 1415303
374281 1305546
359816 496787
345170 1172674
418097 1058744
706935 1586125
584956 838506
1355057 1374849
354244 981698
39726 193811
155852 722115
1568315 1578906
273242 1971896
1188859 1809161
1083848 1633599
510046 1725467
994808 1715635
1454246 1825722
312444 1440139
676110 1675413
368484 1038045
241950 1153679
3162 290849
795961 1707935
187885 1463768
1044423 1319673
877931 1406843
710118 1188573
1074396 1976773
174529 746509
1429533 1557310
44068 1239964
529091 1363750
242393 499110
791132 1840608
513297 1978403
636989 1247095
1208489 1416548
1187896 1426382
376733 643569
1114115 1565570
21991 59880
718383 1929893
368095 1544019
960882 1498288
203605 1237128
508883 1393530
988731 1573901
333738 1975242
1054055 1273609
1388605 1956115
237261 1002686
141597 266705
8342 1285546
652393 1106160
309611 855035
528595 1971914
42552 931787
619688 1276156
315759 1988943
799307 1328597
10506 1311458
931302 1231578
201817 254779
476944 1744721
681074 930805
143146 1698085
807837 1773724
574017 1999142
920187 1613393
931151 1526552
1742413 1971798
526207 623691
935221 1551118
860760 1304546
621689 984614
656724 1803563
352642 1715624
213200 1284321
64249 1149073
429031 447379
617542 1466025
1494371 1593722
471543 845932
1451934 1819553
682480 1393961
347872 1677921
212876 482026
269379 807745
703048 1261548
1125121 1351699
435508 827551
1151503 1292726
635186 1912552
1128739 1138606
792802 1454600
552928 729044
1815377 1933963
508698 948236
368319 1066761
78536 633393
1302737 1541273
409765 1729694
356169 629775
902845 1777811
1217327 1405386
262221 932875
786755 1334557
1042068 1427990
124099 1283114
644095 1547488
75838 1676937
1077599 1251217
707664 1178120
624841 1754097
473600 868273
1320028 1449477
1121711 1849405
1739375 1849316
1984777 1987472
598884 1071377
1394254 1679949
1288218 1742869
734365 1061215
735522 1744159
816913 1575462
462533 1102590
28312 883487
900230 1102436
812460 1306137
1871248 1907462
763797 1791264
1678450 1982161
511714 1172757
792539 1226003
747066 1811086
1558379 1814101
61107 1827928
224377 495191
366628 451530
1028716 1295567
825435 991709
329875 1707196
913201 1075943
397434 784324
65169 1143679
177377 212859
245209 455812
258211 833712
959165 1261415
727734 1333626
1081980 1848591
206498 1313347
492845 873179
651389 673598
7214 1882155
202823 1867541
139085 1597534
716712 1381769
316002 966640
867956 1315628
208760 1349825
221208 1733785
399882 1716253
1673033 1833287
1162777 1803264
714885 1018615
379835 1246644
181605 261337
496389 726521
313312 929796
977821 1993350
1792684 1920649
208782 1925508
1155006 1668625
888322 1580388
274605 1986502
43187 191188
972600 1438129
887188 1837921
131522 926507
128645 1044118
941246 997353
737250 1566954
98673 206661
380435 854911
897897 1342797
144050 536324
1143004 1495007
520249 1098861
228540 890475
734165 1994790
23001 354180
297053 1796329
1263552 1271678
644943 1659281
541333 1627437
911535 1680936
214612 1648139
474860 1457233
765241 1955975
158985 1577940
860864 1837502
173590 1329065
1211876 1611269
554094 1295650
669332 895326
1289628 1799030
1212970 1817707
490602 651744
1555331 1729727
1098389 1268442
380175 1106394
530704 878835
71416 1165008
527947 1278421
964882 1105914
608463 866983
1548661 1787375
546521 1822686
436066 1484216
1621591 1955379
1238513 1526363
341797 926462
750409 1708696
647946 1084669
556751 1997901
231364 652828
1271737 1829197
4061 517565
415422 1924333
1247680 1260117
708074 1462080
667368 1526739
1337653 1931695
257496 1386235
705567 851456
889835 1356762
968399 1284023
789236 1276597
223358 1416898
781461 1823213
903004 1727422
1425688 1584761
949781 1225474
680398 1194117
751331 791486
30303 1595153
747053 810226
735502 1542431
526573 1661669
1006225 1640672
21016 755330
866871 977226
92318 1264982
48529 1811256
616483 1486931
1133251 1142306
114649 1663514
243599 1614070
693862 905458
548672 805165
629215 1917819
1813544 1997586
539734 1488233
4680 432518
120944 457775
163383 479995
104287 370243
769909 1486328
1823338 1961140
1131841 1297759
216275 956580
1284564 1417347
1082480 1125248
1294803 1327129
114004 606261
226690 266212
877384 1833280
244419 481050
140119 1456995
219986 1903865
1662592 1665642
150632 1235830
1541530 1833725
814002 1511399
77163 287159
924444 1748951
1178287 1543000
50284 1586342
1615685 1808032
602042 857640
778059 1934119
1167582 1418548
1664619 1750361
398816 925238
107090 1952012
653539 869593
313669 560955
1341287 1951829
346009 1124451
832983 1272100
102394 1501290
143679 950828
865259 1204050
1002418 1722454
925036 1332912
308135 1333712
1756 1645058
602785 1632147
198241 1637713
270073 1669877
402011 901256
565686 1552661
968878 1098623
316135 1303224
431085 673965
333928 1600054
1446460 1680519
65094 618884
216126 1859226
405429 977930
161607 809778
753738 819806
156642 1798226
21049 769753
1210069 1405145
194436 579759
458967 1158593
407738 713416
194687 537142
636771 1130490
233251 1179150
1139840 1728329
153425 1446409
472193 973045
729226 1170704
1644115 1649492
288743 1823336
313880 358205
407236 1158247
528566 1432614
251009 818615
527180 1233092
987542 1356273
400685 761580
393563 1593967
373257 1967251
754201 993428
135446 1907290
1248315 1341577
283743 1306969
601855 1674195
1120607 1673897
103215 1164760
723830 1777345
474653 1961909
578925 1507422
993519 1331991
71374 1933239
640475 1923412
318451 562553
823341 952702
1656546 1865238
1496762 1989700
216744 435848
259096 643687
541968 1421592
869012 1724087
150664 1004060
595484 663140
274618 626299
1472341 1974929
1747207 1909145
99314 1941894
142482 610458
912286 1586205
188906 1837369
422535 1371884
424820 1965327
23764 1132934
63025 660954
58151 423755
1313031 1763302
196672 667723
530624 1046297
1092281 1757967
863867 1432382
701185 1133747
1290909 1564271
89618 459026
750578 1765722
1207559 1417897
1032440 1503914
1436935 1963967
1024661 1446955
130637 899577
1311468 1365543
717759 1832521
423317 761434
1135882 1966485
532695 1163581
1100566 1329562
722268 1672705
844168 1126801
1600396 1803725
169647 1334783
1358274 1860039
1589563 1650878
43606 908875
976686 1957377
109705 1430649
1254935 1348301
82875 990722
305579 1819504
992124 1383112
252266 846071
1496876 1919701
1353606 1807984
255175 746446
247125 554099
509510 886412
473031 1353390
435379 583562
447491 965028
18783 1436484
80528 254298
1106294 1551905
736351 995360
362117 825775
1683175 1892030
1347740 1982839
277386 1708212
417172 1470467
632407 1262803
376151 645400
903451 1574833
600100 886294
914598 1722078
907061 1166435
187533 421383
788331 831609
771780 1781202
451168 1833221
1140026 1274923
1251529 1548655
1201360 1610083
1026966 1477949
549019 1619550
665487 1497768
500753 1534155
1693056 1860653
1552669 1789062
693516 1645535
186372 1153257
407973 1794721
562010 1551232
166139 391392
368702 964647
462659 1513706
472902 1622654
647547 1951552
851976 1304952
978343 1765138
90003 953505
574911 1982880
1511254 1791946
1726501 1857216
608534 1455556
192475 1322882
97021 578567
1748175 1865229
973891 1631277
704936 1458287
141154 1697531
812829 1595562
1101667 1863908
904903 1071839
659400 1561836
191909 878547
250959 1465919
587512 1438366
249931 1479968
115678 1093826
271596 1815363
518300 1988946
682920 1698491
1210313 1916761
666021 1990570
473689 556291
1287970 1412214
28365 566642
594135 1425090
356967 1909205
1186454 1950635
574182 1627852
583936 1008871
964282 1085878
1505627 1574183
155960 1555415
1152432 1608063
270234 557619
558669 1686079
16571 833920
376157 819623
194703 1296312
776477 846984
1171464 1583761
15972 1447480
1172603 1549033
947 145778
114763 1853679
33369 1501835
90034 1313437
657430 1331104
39114 274870
44119 1026647
107704 1613466
37090 1244358
226974 1979285
930481 1610250
106691 416813
1577345 1685229
326851 1246479
421150 1033375
81351 458970
783010 949963
68955 418226
75900 653857
1056005 1101544
941373 1001289
1109537 1455154
1456302 1612424
202120 1879898
881873 1490263
838434 1790028
162772 1883481
220462 640952
499742 840347
175371 745486
10524 168162
59649 389578
514490 1073137
503908 1987200
81650 104406
640496 1781793
11766 1320932
7228 432369
14619 1991853
349516 648755
412815 817992
929269 1583780
181297 1836656
903597 1032943
206742 707177
737102 1904960
373893 1707535
513410 1240629
94136 1916984
171368 1865233
290036 878028
88608 923579
1072036 1477300
196228 1640708
314063 1627602
1263087 1808317
942157 1703561
42706 995144
711322 1815102
1046233 1649926
1265740 1514661
363393 1225940
1298137 1490365
355580 427361
1247063 1778808
141647 1066067
1540858 1839975
399038 1880529
412394 1030294
128794 1761064
270335 1020637
1435028 1805382
211301 1074167
257960 879761
771349 1170316
251548 1833772
283839 1704284
1224617 1803771
1246503 1839110
222718 1256314
612366 1918886
1025414 1940024
48555 1395015
844337 987345
714732 1727496
544810 658566
1142723 1895983
118553 658661
828937 887249
481952 1710838
202162 691592
827678 1045100
870119 1649039
1086763 1758928
307384 1894816
663888 1706102
972738 1220069
410937 534358
1150966 1520156
191055 289693
248849 558327
954602 1875197
1433717 1874138
1428890 1481105
337729 788656
470152 556959
1571485 1707847
829566 852923
317623 1694162
1084069 1702490
356407 1200742
52127 1382386
1282921 1800731
364547 1662332
31110 1106197
1532475 1873109
1499556 1965675
281282 1476767
650379 1511928
323680 1324017
56647 324554
616741 1566715
285289 846158
342126 1093795
469079 1981506
979534 1451706
52945 1644619
1431734 1843410
1245534 1672153
1329009 1466371
92650 765089
126288 801331
1357415 1839257
251839 1137564
1092446 1233032
1163593 1406408
23036 943156
256150 626281
252664 656013
970062 1908459
114408 1124007
220721 1720697
484498 489324
1311162 1572247
300326 719156
373352 1816143
805518 1240478
764362 1863726
916636 1561293
1529669 1983391
408091 1353239
986943 1103044
1728644 1973450
294051 1686285
981000 1919612
830300 1457531
68887 1348386
280044 1072398
200294 1443471
1233424 1793965
844759 1318465
229003 366694
196741 399275
724504 1108574
127668 842095
87788 956366
41701 349083
268666 447264
848502 1140213
1446364 1597772
823350 1216297
1261258 1890192
429078 701269
464433 545575
265219 1029112
619965 1628443
829280 1826764
667957 1803144
71316 672279
137843 422304
1822540 1978053
758994 1564824
109587 249937
1474847 1532054
110735 1684786
406179 914072
1840671 1848189
1016105 1508431
148990 1519646
1505013 1926139
1602306 1836956
152257 995185
259903 1351995
354524 1598968
1802250 1902959
474860 566386
493785 1320964
152479 767371
710465 876065
769996 1161595
74143 1246790
1166396 1814344
852314 1374467
33416 1143717
220938 1619627
532068 681115
227152 456598
159893 811413
87640 407792
1315889 1925632
52508 1956536
303419 371104
3676 735705
228082 328187
743417 1766300
3899 332095
771504 1505666
176461 247100
571326 1115230
287726 1880630
1260741 1366764
525604 1722034
244964 1693942
443033 1070000
243258 605848
36914 1189926
1108762 1805645
279459 1701425
449100 1067667
844520 1546416
138017 1334981
476264 1732541
786324 1676867
276992 1535321
238731 1896664
274197 1509765
366953 387506
453192 1974638
1471902 1698481
1094989 1683024
1393999 1857878
791709 1451321
429406 1025340
1663233 1886434
1656414 1969070
973162 1116369
829758 1018224
96668 606318
25027 1495612
639476 754106
359411 1906706
600190 1768100
812560 1089704
681627 1442670
601624 1424682
319483 536789
294310 1586109
902732 937955
564033 1750134
147725 1889800
1331863 1479068
328455 1287977
1695881 1883297
1317149 1780118
1028081 1856877
535010 651011
1326796 1535024
847075 932368
82846 841151
578632 1740838
1569491 1930486
184973 979437
469581 1285932
477225 820547
107867 1518978
758148 1387747
44389 714149
596946 1204849
764421 826453
950791 1989127
22537 1197126
100835 866298
708347 895780
555645 1459505
461449 478732
426414 1067123
976455 1943015
1651976 1775848
1261657 1411576
349574 815162
1140404 1770425
974399 1015340
21301 229157
1308316 1587061
1258911 1933716
589991 841544
533979 600481
837854 1738022
639956 1253778
1691683 1710759
94017 1840459
511831 963794
55822 374434
657203 874781
512045 1131192
1718486 1792460
267333 1925575
882649 1733157
815763 1421698
8657 1925513
710997 1001203
815160 1056590
1242958 1978383
742231 800743
167324 857829
633440 1524071
121893 1145540
1047661 1179099
366883 1098904
93282 1387090
1865962 1984321
521982 1200927
358453 903352
378944 1690207
71075 1217862
1117229 1312865
925931 1857577
859458 1203035
520681 696744
1522555 1912314
1292946 1505763
185469 1043943
14060 235715
54431 1632440
1085542 1192715
1255188 1647969
854815 1048117
46971 1403172
61762 369239
1068354 1587785
267954 1703396
350490 1795665
26134 1788480
35419 1034400
183456 1976073
1317982 1930966
889909 1684693
303628 1293181
1093349 1295541
547656 655334
390697 1044936
300803 1083125
107350 1472114
795545 1539917
321429 1700882
579913 1792518
455711 558744
131490 1777528
979380 1627854
572928 920721
891313 1960083
807242 1684919
440469 569163
347305 1317115
237013 435583
905731 1465828
995198 1893471
921608 938855
331948 1250243
177591 600888
192336 1465439
780880 1749790
452659 1801141
607960 1593074
628015 927095
1347077 1656670
1267056 1379299
826544 921103
279526 1345340
735955 1807516
132351 361276
1115232 1930907
1206852 1240706
74215 1672760
440439 453944
152660 352968
266842 1529487
906189 1479551
830731 1069788
873897 1981873
329533 1237808
348916 1841431
976226 1751690
188013 461441
395392 1103641
248989 1614222
360478 1841616
572767 1185716
1559022 1948216
190427 1025170
778919 1394192
57662 1874070
266429 1405183
1338602 1571133
1300006 1609479
313385 784372
379646 1291444
117492 1029546
358812 616789
705174 807991
673570 1039912
1050548 1193351
397197 984716
204510 1022417
847666 1462605
455421 622278
315517 684199
901543 1803426
72503 1670926
895904 1484574
1508572 1875374
542555 659688
8023 1799217
148313 162837
614089 786021
1283254 1993663
601842 1584165
68565 861518
1736688 1896402
902067 1201054
756680 1759231
1118111 1329464
596258 690180
1550521 1598913
96452 1924193
58640 961255
562918 1324266
1093607 1493751
241687 678330
596204 1897960
245335 1139430
1582 233818
434215 1682557
134179 499337
1639987 1676924
781979 898573
89142 540731
1431537 1605332
61033 1162294
1492618 1747052
415665 1879440
973636 1072766
1528698 1894785
150291 1277379
695454 1738180
1348335 1632295
1473196 1949233
882766 1303523
135216 1927365
32296 147600
130590 240573
1206979 1485037
1744250 1905127
707513 1493594
1892933 1982851
599177 1968782
551541 647173
135448 794499
213826 768740
744084 1965716
730890 1023545
1403513 1556927
518696 1296569
1325649 1331778
280878 1588421
104179 144876
360225 1402099
609714 736305
1198631 1797045
81829 1564375
1316183 1790186
1279909 1688466
344450 1755068
1366793 1986982
138970 1765452
1153617 1344745
1057051 1308599
1731344 1886323
123956 1546983
594423 1228469
694526 1266187
523475 1847860
158753 1656703
375230 626696
463562 1018525
482910 1313219
451925 1347667
802038 1354246
1187547 1588500
932532 1187422
668729 1791303
201531 875715
684658 1100051
1874626 1983934
296026 605098
563389 967835
556840 636453
1507416 1889254
24251 1065999
699033 1221006
560121 1271710
94778 1051617
793823 1536579
766273 774471
1094573 1782786
741932 1917583
917172 1571183
1622429 1694085
288833 1583614
380139 687846
570994 1118258
677689 1620103
159099 912186
1092183 1685687
883990 1478820
449538 548832
60753 1352658
721850 836643
170678 453966
778519 1037712
758485 1660885
48149 860229
1228219 1469643
330637 601109
869061 1360103
809040 1352980
1134054 1303062
252948 1379770
643896 1355907
438431 1376955
156194 516214
977755 1283557
1910572 1995792
171045 1935211
465052 573429
59313 1454015
574234 1031503
946081 965143
809251 930121
407877 1412638
1640758 1863212
1088860 1164687
847621 1349619
1189125 1369487
151654 1127441
23240 646591
1554270 1668487
1459880 1801560
157391 569684
903933 1089764
141639 1732722
1734757 1903030
483445 1365794
530289 1365808
96227 1912979
893469 1745582
1288828 1330828
658553 887574
477521 1979071
219588 567270
395135 1720424
1223399 1438345
1722121 1794395
757544 1994912
578467 1531210
845483 1593320
232145 1071983
126883 1529766
936318 1940313
733811 1600304
801722 919110
236962 1114575
1040107 1927082
304936 1446813
585821 1462381
813427 837975
162939 620899
357632 1817462
307516 1879987
26682 1962651
388993 1048676
562801 1752242
706673 1149053
269103 1403183
696569 1723621
46367 1159783
329552 1695840
770093 1414754
1311302 1867992
976974 1600618
1289780 1685774
931130 1419123
133349 1121174
1019889 1742238
794374 1083955
1035249 1075983
531965 1073037
1198642 1205657
844326 1230950
1398099 1621678
251788 1027516
961325 1245505
1134579 1822109
1358111 1890503
663732 723501
710664 1028165
862633 899489
24082 1568775
753800 780332
611372 1598668
1109876 1344587
400475 1912387
1523286 1771746
1393701 1864296
1422830 1469805
1478223 1907227
1468227 1549892
861821 1342926
123394 1024066
1133929 1145481
1035853 1517355
710709 1053252
146023 394151
821618 1872049
392736 548042
637682 1630036
1087708 1843915
141608 954985
949479 1025758
546065 1092106
1883274 1952995
417899 853900
583960 1328297
88237 1721303
291297 419114
27421 149965
180716 1188646
358307 928968
289024 1747945
114578 1294095
428861 1608403
685063 956951
65675 714620
656008 1113629
89005 996657
1031057 1709485
979234 1062586
708381 1674872
633394 1455239
739552 996186
183297 1230613
61533 233047
1808344 1971151
807737 1221413
1207879 1874127
375613 1928389
448422 1281984
1542322 1551233
400580 1113256
294823 935191
186552 1010830
1829128 1916226
588320 659240
259951 1609905
576575 1533045
443761 670086
250337 1802953
248720 680149
436692 1205977
1046326 1331434
950038 1078731
396541 847593
848482 1007806
1619245 1680804
1461400 1649094
641883 1012882
158647 643529
409790 980315
289858 469775
191228 346698
567065 1585192
285008 776650
1609447 1974632
1154408 1880956
1866065 1908760
1003895 1023365
241053 474731
364083 1527442
567475 938837
528137 1834036
1665348 1813078
28637 620282
467255 1728375
83002 1198235
872085 1634304
362747 584603
335172 1090363
648303 1952858
1735308 1859077
430703 1740654
256029 628749
443929 1739881
412843 706292
195419 1208894
1658256 1847885
1073366 1888434
433598 1600901
1068564 1927279
212334 1336806
608100 1459146
700320 1293006
995251 1672304
592340 1828638
1580312 1903551
153655 612752
1638855 1640977
684243 1976681
801654 1125711
355085 827726
1364131 1783212
156475 988546
285715 762221
1453427 1995462
49873 313896
1511423 1690946
625128 1487861
299335 1331917
773555 829312
145465 1865395
163868 1723785
1422283 1428811
1653454 1856432
813187 1496669
377316 825394
1718357 1897487
711672 1308894
493467 1134910
751895 1884826
1566149 1951637
1283796 1930456
124412 371598
990701 1697541
101682 156253
756795 1493021
306612 1130624
1625257 1764981
742275 834445
1217096 1554232
639219 900746
41242 678392
195709 725162
1321770 1715695
466610 1071583
36997 106963
1316790 1771449
75780 950255
143186 654566
807243 1727302
685132 1820940
688160 765122
942650 1606294
374517 1472221
355573 431030
560793 1777381
1093847 1124656
1095924 1964145
101024 484236
1583458 1961619
312935 356583
838806 1505180
536729 719330
1286006 1687171
69882 1089339
1095013 1233940
358924 461120
494661 1054045
560995 1684047
957 438164
714050 1662863
1699131 1772171
1241980 1505388
6251 1641992
890674 1454604
239813 1908167
266704 1294094
299589 1698616
775245 925233
489448 681670
690951 1831923
652950 1173058
499875 1751508
552569 1665312
594303 1044754
563772 646171
733915 1386795
167268 1260551
1184080 1889918
670133 1887773
1687874 1962690
1529916 1831436
756247 1301827
398923 1331302
1276601 1543110
347792 1791753
1251297 1881570
1984060 1986772
181928 1132641
95191 972974
1554448 1590525
406328 1491580
191287 853238
399774 1325934
1165457 1447941
443840 929408
23311 1372921
516541 938830
300240 764045
1805449 1912954
866350 1070640
15046 662513
1036156 1094258
853651 1597741
109789 687818
1539383 1584600
238144 1431173
1354055 1686880
456582 1162941
1570805 1625132
1387237 1805591
851417 992672
239148 304874
500073 716380
1218922 1691619
1169164 1696979
1490329 1966826
387247 1672126
719104 992182
683699 1449356
496088 952398
74886 1525371
987237 1548244
55770 403060
16880 1050076
100565 1193511
805487 1127771
328477 936096
474476 979577
276174 882997
574180 1720264
582464 686109
333301 1035120
474989 618302
883337 1331950
1156586 1622960
23541 559377
250478 431513
96146 608091
1451413 1454607
215019 1027177
328377 849971
186869 577898
1425627 1438010
285650 352515
703796 1993596
214879 673764
314882 1876525
158953 830707
709816 1355186
836581 1015508
937687 1553535
752291 1664200
1386228 1689053
323256 853333
44170 762420
1178795 1419545
1491765 1920982
184172 1100729
1065996 1961197
728539 1553151
1131378 1635740
1208406 1616406
407603 1089065
459803 1717087
330609 1232638
1250233 1541388
61322 1980762
937170 997527
77941 1264238
200626 469322
180245 1993031
718594 940110
60033 1046226
1865696 1972286
98719 815338
250076 827893
793406 1249029
1012793 1848087
638347 807075
562380 1898289
941690 1944180
950152 1247076
1072130 1968241
504638 1046998
904006 1057512
1218124 1396194
1620237 1936873
249400 977735
952622 1543846
905951 1484042
131012 1475203
396727 1904528
606327 1850077
262931 400938
658352 815808
1209951 1480479
877409 1474048
90706 794472
378764 914035
1149336 1410312
518951 1965855
700817 920133
559291 1563096
582779 962579
212138 690666
591673 1032914
998516 1395824
393511 456927
393803 1327116
593837 961709
1399352 1600097
488937 1588747
885125 1402933
816145 1438346
396608 1736704
28925 1711808
640050 1638875
538861 827223
198850 1171830
193050 1947244
252758 1739451
1061497 1717469
492756 1733221
206559 442680
999074 1123232
385516 1894393
109637 668828
15837 651501
1399044 1559585
1342972 1894068
649883 1208080
234860 781183
378483 454859
216504 870521
1056824 1398992
44992 1009307
979475 1052825
1483658 1585549
549800 602638
1456502 1994174
420587 1388829
1353938 1711202
176478 1548415
484196 952761
880380 1586054
736545 1006601
188334 1676484
392399 1858050
1601933 1990294
1041269 1437168
333440 784180
733618 1318951
676681 1522363
899685 1425367
233565 682663
650158 922142
1045281 1578254
269991 1527665
870944 1753489
84654 108546
178524 1981945
124026 292517
1377095 1716375
368397 815617
817143 1988545
389324 928536
969351 1251846
436710 877610
936877 1376854
822370 895158
895194 1889648
1009356 1281121
152128 1987921
792205 1244698
1013807 1377088
412732 1601617
147673 900237
571027 1145209
1190319 1654859
208422 1189435
1073950 1412364
585003 1947507
65479 1296621
1252187 1764730
442254 1699141
1563209 1958725
987301 1627312
1187068 1448178
1922644 1981927
981739 1731502
607015 1281140
787074 1851597
285529 337196
637352 751074
1345938 1540130
21995 1309188
94318 532012
239140 935858
1155850 1636698
651701 1352215
1556200 1777732
1149816 1954693
63163 1042343
1153959 1697261
336688 862591
1269745 1658847
724485 1976122
75084 751883
452691 636843
1253062 1631003
1039046 1865740
1815775 1864081
528584 623363
30414 312325
350440 733893
208953 1193503
98128 888652
914819 1002479
513451 1967319
1121833 1903390
658500 886959
451913 730220
232385 1451161
1246426 1837571
97351 606763
99627 988060
1107575 1660087
942669 1870974
857907 1723746
181022 1519719
492759 1008285
92929 706977
529988 1601129
1253745 1401750
1023299 1205845
1453757 1748835
222578 1239303
353219 832674
282212 1385010
816718 1469798
378192 602672
382697 1188829
240758 1387844
936879 1642142
56930 1353093
947869 1158033
1059594 1867069
1038181 1527652
623795 709043
552825 1553206
1201665 1412910
275622 1768636
1146893 1386124
1316189 1561151
1687922 1872665
1835770 1911176
549675 1457215
267678 676100
278937 345148
718451 1354630
53191 1965777
538945 1318897
486645 1575079
176951 686562
1856055 1914355
919384 1209609
886422 1708254
91720 568459
411764 601392
435544 1161517
186501 1703746
327286 929008
175748 1665540
850226 1883307
403493 1141885
1257352 1306976
710550 1648388
807921 1079433
1865604 1946529
210761 1575837
913223 1481861
162716 371785
33361 1913754
548693 1062155
117361 236545
494583 1920131
681874 1709837
389335 596621
1003445 1076269
768240 944289
78139 423867
69260 738255
92035 382157
1471407 1819182
1029727 1281151
1316153 1729935
1532469 1715765
951764 1932693
779981 1940627
644325 946848
1062544 1116876
1015682 1137957
75890 172955
154840 1451685
26845 1058482
92668 209578
282029 418560
66284 279992
1282887 1974672
430520 1518249
125469 902712
785799 1661182
561445 1946910
1047151 1834713
1047171 1909694
170981 265136
495181 1869529
1041894 1637365
335147 898713
1750924 1846497
1118950 1985381
1025574 1488382
1355961 1746852
1648939 1941274
76407 361031
560847 1445003
737061 1795803
521087 1735780
422604 1965826
141472 1944969
240983 841120
1109817 1160344
200436 551064
1600352 1633494
654748 1828745
396082 415794
835327 930069
1695361 1793730
33321 66946
190976 1890675
173176 338354
383878 1992650
104779 1314137
795338 1457753
804293 1875897
241280 898046
309149 1755699
21462 1357917
683530 703079
1183976 1922762
1327270 1620385
490870 1741490
318526 1480512
276436 1147519
693623 1733580
44554 1034525
1410021 1567221
100328 1648085
187730 527048
763337 858161
874519 935218
134157 268550
892249 1870673
745370 1466382
281874 524989
187501 1202276
424454 1395379
1158454 1366656
209328 255893
568509 1506490
802924 1476833
1381619 1881081
1592303 1781687
92451 362931
353015 434357
1655924 1926674
707811 1609906
1062737 1349801
1132507 1578621
512161 1352492
286427 996068
205215 786445
1563605 1658392
394530 1730998
427227 1793312
291213 1214310
688984 1126174
78242 228151
98833 355695
616973 1193292
1278580 1566518
388770 596090
335521 631609
256666 1838201
517810 582682
253218 1659807
480960 665413
990985 1971778
989928 1530511
217703 320765
29557 1977614
1152162 1655981
1717310 1994585
511322 1877875
1499890 1650353
697032 944640
1554518 1580877
1181068 1587712
1206819 1240889
1809043 1915491
255072 833787
1282323 1778272
679985 1469858
110611 406257
1255043 1801086
712616 757917
247777 300681
1372230 1838540
213518 1616338
172717 1633269
236415 861315
1019934 1068980
293722 1453362
1156923 1329114
552519 686040
73625 224247
672391 1480417
858600 1874914
384696 966909
221907 1832087
887576 1800927
153590 231618
387605 1785594
211444 1422291
1522224 1639007
242137 1869017
1839347 1931007
826403 1154272
556863 595060
730345 734776
1158757 1312079
1458741 1966912
535345 1845549
143188 1328969
692804 1308098
112799 1024448
1093310 1628641
396633 575440
60798 1726121
1123239 1296434
460653 1567476
1241030 1917224
633075 1825407
462193 1337351
646803 1237213
1307234 1960760
134583 1787967
1326186 1902249
214195 1240599
7035 1025705
51607 141337
551482 1720563
1004101 1144390
549449 1232996
1214127 1675322
267318 1374363
71228 1981440
613525 1819833
64495 1779236
1607466 1976687
595560 1513251
1238862 1506270
131564 1098339
48043 721930
1417106 1848425
488137 709402
1568002 1856173
67221 135945
217994 1187683
1227211 1756512
815363 1644612
301327 661529
87958 123164
518394 1346755
617638 838316
574601 1105798
4658 324637
423154 1918293
68461 652466
965015 1572913
599358 800939
208394 762945
266017 627391
993969 1216486
952197 1752075
48799 703252
483674 484561
691001 803747
305924 792815
1425975 1594130
128804 1485441
125355 234707
41120 201191
1160230 1795038
678405 927447
90793 472988
1045780 1977529
25040 1586350
1446461 1650002
25361 1504166
238192 1353323
722537 1445926
452142 1042546
1268498 1813759
205049 1858355
27392 201960
278744 948826
1004829 1883877
259752 1575590
353702 982015
275970 634577
668499 1541343
1220960 1738023
1206935 1698429
594443 1182444
1594334 1831565
117932 582474
296809 784516
1192068 1497508
514195 1369252
184724 1647793
192357 395726
411061 1205004
10513 63827
1351831 1447389
325248 1510015
561614 896087
562286 1539222
78662 1323689
242873 1177676
888403 1095758
691929 1262368
432851 1326594
76399 826414
797851 1909059
823891 1800787
246276 1612595
369710 448513
557790 1739928
1264369 1518582
1644035 1975469
796198 1321589
748254 1870514
1459988 1712295
873503 1395610
1409159 1471333
1021410 1203067
753956 1222201
207619 1312049
962895 1185904
575750 887416
510026 618117
267603 1934556
232684 1516370
84545 1046122
981414 1715674
269052 1472887
669957 1746001
1015867 1720049
678894 1669341
766255 1431013
96496 1256153
67553 122425
1588452 1728421
519468 1152763
77989 1955503
450552 607437
572813 773644
459463 1206085
316451 691604
1295913 1879412
720217 937885
89509 1029451
933552 981833
410642 1987091
568097 1241771
576799 1671332
35946 755108
257764 624612
450969 1543383
215882 1075386
712726 1212148
570195 847431
1469841 1986641
157706 1549539
73800 394462
571298 1530792
74661 1526792
702581 987378
210159 347345
319948 1844979
1162555 1848307
56847 1358764
1107928 1510363
713305 1990810
904381 1803179
1318782 1555745
1304547 1786124
128219 496227
794623 1802523
498396 1806632
602471 1745228
609701 770157
903504 1735593
315470 1407782
864082 1050963
706511 1530497
1378113 1501070
268240 961008
229512 437712
109956 783547
222970 898092
1660070 1907120
1357213 1592720
237265 853625
793494 966030
711296 1714253
13801 707947
303220 1484531
692065 855426
186842 1930370
922481 1564675
114578 467219
503219 1362783
893957 1328352
1204416 1391632
1258786 1371102
748224 822591
405559 1087733
652900 832265
282827 1156270
400966 995469
889977 1987018
693412 1090149
1141416 1716097
1551668 1831853
451141 598595
279404 1776983
1041850 1716720
705401 1661549
761060 1755698
88073 819573
1439307 1614575
435232 1620057
531598 1796946
871944 1232420
1818503 1824596
77470 1473809
1940025 1967914
333869 443804
1030982 1845307
318002 1531176
1274736 1466523
805303 1798324
157800 1424708
216796 494180
1012926 1125788
656911 1328948
160534 1018952
96299 1883599
551004 1853802
352769 540253
247890 1306186
1076912 1146809
562005 1025394
779772 1109557
707395 1353059
358296 1686997
1616234 1975323
1571881 1675570
1414255 1555299
287209 1618747
697754 1113365
394086 1935599
697775 1268401
1076049 1223927
411214 1295245
1506938 1937123
294776 377601
791045 1838796
1307254 1574310
217272 450143
109993 1289307
210825 714255
146035 1388206
930590 1221145
23747 1507322
291043 953940
1018700 1797101
732444 1927975
295996 1818891
174194 1905432
338320 862456
188434 566562
550875 1856896
881021 1518713
204843 491440
589174 1742334
458433 1898384
1461898 1683446
1465383 1756759
1434160 1707598
1288949 1634092
1218414 1535261
1205336 1414290
1306598 1769703
665890 1481747
801229 1196444
537060 710649
1344114 1618139
318445 879211
66657 1935982
680520 754829
589169 1871918
1154988 1239491
678147 1796368
1053187 1587668
559779 875740
301912 1338510
278091 460788
1330347 1539553
814188 1168653
209444 865043
1411989 1701663
384550 694714
1097973 1200575
796873 1519324
800172 1922295
628833 1527939
1242009 1504750
660340 1610507
23500 1949962
956476 1908946
160401 1606619
429546 756846
505141 1527860
647424 1179793
520413 1644778
814077 1671726
848683 1146759
490683 840364
1551248 1561122
955395 1483254
1141035 1891072
101536 1807411
106309 890402
247299 652170
502130 974536
1349196 1973876
738039 1187279
652448 902408
752935 1072273
310254 818587
1486456 1765814
255202 1107513
1064713 1419932
1155193 1530018
175005 288104
64141 1960969
898023 1387334
157256 561930
1002870 1293256
182450 1627674
53565 219381
26790 687778
310550 1451167
1706640 1892505
568727 1193699
56917 90266
683481 982343
256294 1606772
548381 1528624
325734 1890170
510866 1259729
59652 1370744
376362 1186763
597693 1873534
24233 185661
25945 1179013
102380 649678
681282 1025116
593360 1584192
596068 619140
1401742 1955857
810591 1114110
40621 1018562
1880594 1982116
165711 1225233
565479 810472
833801 950414
1611633 1711986
1068736 1616337
226881 474318
1095133 1843252
580870 754896
518370 1541089
1450631 1517486
202370 1450995
568592 674512
476728 1958840
15439 320177
635995 713837
170313 628048
391754 1317921
178129 1666824
204554 984906
1334956 1583884
25226 591014
668521 774655
574153 704313
1114585 1216494
325916 1688082
17445 590851
349207 1431185
82425 567577
882607 1118307
1022965 1247871
30664 1319313
157874 1564893
255205 278587
226324 660551
1441123 1746268
711730 1001964
1118424 1801407
971588 1304243
1342765 1426974
1206847 1805949
541191 1419403
788077 1053907
544685 1576501
105215 370427
838610 1688427
235888 994818
1166868 1572960
1499926 1887671
872701 1162431
185632 543455
892646 1341284
1086801 1850888
783481 1780440
900490 1271266
1225157 1553211
55429 1490469
93438 477612
589431 977643
1078582 1309902
179041 1292671
1025294 1258471
716042 1228580
85253 193155
45172 1529215
588373 748083
683760 863353
1260767 1857358
1162838 1693159
847210 1939762
701299 1145080
642697 1939883
1412287 1456938
172337 819782
724331 1183201
416546 1048136
524542 1671812
221656 1095955
296761 414713
968366 1095106
418071 685936
239994 1154830
349419 1752957
850915 1288254
505048 1896846
566708 956503
851872 1364409
1127618 1305377
42507 808179
126030 569200
1373606 1506607
1719142 1967557
242746 1716634
1693676 1988947
541571 1894228
1921795 1992092
861855 1073254
178748 1556777
380760 1440932
573334 1598036
1583634 1728354
133809 763581
975284 1591160
510510 567230
1095272 1698108
1486401 1996541
1241818 1415360
66387 445858
378443 1741283
1037454 1839976
115221 859359
1050120 1296670
477844 557287
238534 1682500
74997 1293552
494394 1548511
1767482 1844587
364195 1046450
174243 1911413
306867 1225973
343952 996009
1772963 1921460
547612 1641154
489779 1778107
357653 1383337
1286942 1951720
1089348 1735142
1310214 1443997
823420 1720802
1316536 1341055
879238 1112429
74232 983275
493416 1373255
812557 1661352
273700 554556
1004371 1517843
77679 768296
1026547 1795664
661045 680127
41461 576292
183550 1118303
1282378 1920626
709168 1450851
5758 1941512
479284 1040015
1298971 1599447
365765 1192802
1705535 1980978
302159 483761
259238 1210832
242911 426380
148328 1884621
1048388 1767964
83204 1590936
1268621 1928045
101184 1781453
746249 1513641
1016202 1780133
552326 1759489
1017225 1349089
217681 1807413
884069 1206500
874934 1391455
415923 1152173
248354 560423
1240604 1334091
1153360 1474494
8024 724741
1280837 1927900
440457 1767933
533787 1417042
366884 1841501
53528 452436
39340 597448
676161 1841995
138007 634433
946335 1111549
1411573 1476598
474755 753171
354145 1308881
1129621 1508129
617595 883749
168579 439556
150098 354980
307734 1663395
945063 1409890
1011028 1607772
369691 1228914
367441 892766
98423 1012032
178695 194520
995583 1029572
1405653 1457441
1581413 1715703
529772 578698
890758 1623408
213011 774255
355027 1470403
385805 1280358
330776 785911
1026910 1511421
122246 1310256
178547 1102778
472517 969635
811687 1756409
195303 368424
541312 1049664
208481 1760688
1610440 1898684
716081 1871801
1700026 1921129
543509 676542
1081050 1450816
899251 1498563
54142 1539938
61583 1123151
1360011 1960170
1398790 1759399
313794 1873286
366524 1547557
1533922 1642087
338901 1353751
392850 411774
1453295 1939127
566995 659093
881120 1847414
6604 680140
544026 659524
462104 1543956
550781 642001
311777 679036
198027 523899
361158 1595747
15921 239879
632287 1474487
228727 1354384
295864 1228271
445960 572791
336215 1443160
192717 1610696
584321 622546
666523 1643265
715944 830259
404757 1740888
393931 1368233
1113311 1478412
300638 1948842
433106 1325696
1549496 1551544
338302 1080516
1891834 1979783
459872 1946561
998083 1024285
629652 1661957
786282 1051755
103568 1750657
172115 366539
375486 1053174
293466 307174
351312 1812371
600398 1059951
1161148 1231919
112371 959238
1379954 1666648
38449 442627
533950 1839881
912757 1601335
678218 1362767
337238 476163
82847 1218333
399746 1585722
718038 1200410
26464 1601309
715276 1139612
686800 1427832
570295 925770
93585 1233505
1144632 1635814
641201 747867
513937 526118
447593 1129012
496306 1311330
1221767 1260694
57383 1643204
1065136 1688189
208300 650306
910075 1966115
655347 1875753
1701347 1877852
147534 650425
447686 1498262
375515 1963387
26525 932090
784214 899041
520183 1342593
539431 814327
102905 825153
620468 1107577
1087342 1188508
865486 1463901
1641275 1866916
189173 1005640
1159732 1760678
80074 553712
557338 1663719
165852 1880464
594431 1293611
108945 796619
866463 1933703
582247 774625
292430 874380
177487 1052397
1039781 1480456
405883 729185
223909 504354
804939 1653594
199114 1574064
924346 1574803
678177 1870277
251231 1208833
252240 1960983
1584741 1675461
110389 708238
1343647 1601652
64130 902735
179875 353649
459700 1856420
211290 443593
134258 226471
548786 738286
541778 1305185
638616 1750230
681648 1580644
1210187 1522977
1259646 1578624
1016377 1414217
208271 1130148
144050 911898
612845 934371
433032 463099
21780 1685296
832426 1155633
1282726 1841321
426214 531336
346498 1244700
1069190 1470501
540781 615091
532411 796731
700991 1323071
496318 1017056
10150 695532
17371 22675
1726681 1825790
321994 802436
1778240 1970730
236 198415
430484 1185997
1562980 1747422
225971 650759
211494 275900
505376 1740988
325962 1341953
723017 1775514
121403 148564
1554912 1943246
983160 1870216
498981 1087805
319633 1375343
1909510 1992223
805050 1351072
523847 1526639
405620 1484731
1648744 1980510
848100 1515232
1168685 1721996
950806 1938025
824325 1331359
652039 1568486
1134676 1772565
1634656 1868772
121628 1764780
987674 1668324
837845 1526388
1509207 1888654
157841 517827
647389 1843546
48457 333424
1044810 1789225
917946 1939638
1376904 1701057
550295 1212117
259380 1396729
735074 790192
672191 1041115
272200 1064447
582708 730024
825074 1002363
1422262 1870308
915643 1355069
920028 1042351
796777 1610961
488089 583910
1917744 1980952
550315 1061627
255006 1173580
56830 356257
427061 1564687
1196003 1652578
461500 731979
1408198 1611066
157956 1508603
1131182 1358465
1349890 1954362
486641 883554
785908 1675632
636782 1859306
597865 887882
534035 587996
410908 1785513
365529 425230
619255 1213180
465686 1510147
57705 1525494
108500 514298
548735 1232864
1859900 1912758
642854 1792164
252142 1749868
1038777 1610061
508647 1739375
741797 1944094
1020389 1734467
1360601 1384439
30504 335746
990483 1956556
59065 258829
133349 1366472
454277 813749
357659 1913506
3925 1024821
421429 1802766
79932 1627519
1468710 1931614
648649 796507
1598273 1644089
152729 1564785
1587969 1645562
1106100 1470835
874408 892436
647396 1264497
175102 656725
732371 1638849
1595780 1747290
1596762 1809791
415102 1560907
1350456 1599541
866712 1665707
1715925 1849688
419517 1552639
648325 705624
387069 1236070
625570 915068
75671 1094347
1115887 1933302
358195 849751
223225 1794433
1390590 1922131
657893 1663614
630162 987401
996151 1987921
206442 1528704
1575249 1809097
292897 1340434
1040054 1414808
629495 1544510
824566 1657466
300415 319400
240391 1986256
72088 333914
268474 1871419
1276931 1613257
1075153 1635957
716269 1799350
1664181 1964899
1128063 1134181
1105368 1210906
736204 1817659
49906 182569
1087475 1125260
282725 1148953
313907 513710
670017 1960220
1198770 1651021
527618 1808975
1423136 1842091
1140211 1308516
502491 1419082
1740498 1961475
1608546 1723307
616166 657623
240719 1207490
633971 864622
783317 1395455
310811 695584
422561 1057015
366183 526991
491573 1637120
910330 1733351
147260 466653
1166992 1459360
641479 1638575
1465965 1576595
991494 1650885
801796 1370800
1320604 1411734
529395 1127102
346058 586825
138210 1241945
697259 1585143
1087911 1728382
1094119 1950297
169600 1446471
1172662 1510897
136987 1297760
11589 1465369
469796 833437
1028691 1424907
1033003 1403906
191467 244593
282087 972908
1306498 1484206
1381936 1720456
304525 637426
774435 812573
531062 1710434
1245299 1913957
401342 471798
542164 768111
726499 776735
1351415 1814161
386156 871911
12279 1600616
1599028 1974406
970136 1965597
428452 1774998
409936 926894
535994 671132
1283496 1709323
285368 1948543
116009 891144
286627 1284967
470150 1837158
329219 1739346
710732 1160249
417095 1143961
697298 1780640
242507 1852902
673643 1798675
452831 527926
1119988 1858728
283104 1367254
892621 1074194
559771 1438738
648369 795951
1669657 1957543
346062 1921995
1158796 1524667
1195339 1957402
384770 650656
1216219 1890256
1123010 1962196
1807217 1897328
1440635 1630496
479079 1006665
519702 1829727
395037 1171283
887297 908139
358242 1760973
1369737 1833961
26063 1799991
299298 344259
353843 1282184
71900 1527376
75716 1436045
323070 1277499
1011213 1293705
1170528 1962546
168627 672745
627774 1006499
779151 1099797
114245 1459248
348850 614761
189978 1731938
28712 1741891
398905 1591475
974274 981469
762178 1049272
1230042 1798657
520099 992082
1238964 1450932
300566 1551113
972991 1820966
50729 136132
1646475 1946529
89571 1810774
231206 1385643
946090 1378973
259279 1667063
701767 1861438
612085 1142581
1416164 1822003
1706252 1752104
856458 1083784
407500 1495346
747331 1900127
1386001 1846356
95510 1829908
26311 652909
859700 1413392
142628 1113991
303255 966305
271927 730510
63251 542633
877074 1477098
883999 1130541
496956 1508416
17895 485199
616045 1034075
1146427 1514535
548015 699366
450340 1162522
26246 177199
764756 1204250
1049703 1636138
168673 405767
162793 601350
95900 1031641
518083 1833286
135694 456404
878096 1796956
307614 1590070
618310 1271979
475201 1775890
290872 1020659
813433 1308993
57157 1611161
113917 397416
1174631 1437251
1538220 1561046
739357 1760095
825163 924973
1705426 1842177
1668769 1857088
407253 464281
982693 1854168
754343 770573
1044609 1767164
1130606 1788811
994094 1212767
525 311391
660073 1140410
1328202 1374935
312673 573531
180855 1552165
313377 431966
1591338 1950580
567036 1063966
451552 1723828
1723196 1756063
629962 1995150
109471 1324958
972712 1089915
395109 1892522
620149 1955214
275578 1700023
198675 645947
721383 1623698
573249 901335
1075364 1846372
386611 925707
1058206 1436875
375172 772037
606188 751854
80986 786280
486480 928444
431105 1011918
1784926 1965824
550461 1660019
41082 1408321
7055 292495
69426 633969
1260381 1773564
1620441 1920997
613443 1610770
603850 1317504
117444 1865471
1476208 1996878
1042334 1335510
203710 586295
192060 413543
1019909 1214060
600037 1970711
147008 671674
49679 1638324
662232 1343175
27734 1836148
254593 1046619
156212 1310889
211755 651416
953949 1518264
701182 856753
1403798 1475567
1190226 1665917
76980 1528541
194606 1706720
544294 547133
636405 1198955
344402 719442
304729 748950
1389368 1868868
1387122 1633124
852063 1289839
542960 1656773
248362 873638
450922 1138583
969840 1568624
119941 1606891
1122426 1559143
510985 1225864
910947 1585724
630067 1161938
1318444 1757988
1141120 1565871
1854554 1938433
299548 1869600
675340 1140746
1472413 1845893
1322399 1945630
922223 1671401
382821 1315442
1218891 1282983
727953 1905496
617425 1112663
1754040 1877562
1037214 1677506
118028 1424595
329726 1619115
1661726 1975285
696789 912411
516810 637716
277727 1545627
547535 698173
211105 1360474
766715 777310
1028621 1985049
126188 809646
585841 1929298
1262295 1537177
531329 795619
1814509 1918044
372768 1596430
1427533 1952650
948284 1024598
1831217 1946216
727994 1474974
253409 734438
151277 1198325
1313441 1432336
995047 1458108
567180 988260
371112 989508
966164 1104957
727698 1430398
1676312 1726329
1192512 1962747
307897 469649
316734 1764493
880481 1550536
1256512 1853174
245560 732396
1389759 1459264
1132636 1607545
483448 731229
55197 1099902
640153 988905
1644499 1703098
354539 1927595
458789 1055440
504508 961285
1391824 1491346
397213 1726411
1482389 1768296
773806 1792907
733671 1855875
476136 648612
259691 457322
267407 1489368
748353 1701871
695907 1436595
1306327 1775293
96711 1923321
370520 1597839
270857 275237
1042144 1198409
1045160 1400917
932539 1893419
943530 1217837
720631 801056
850929 1815616
774179 1897316
770137 1496376
616465 960356
359952 1470891
341156 1428829
742352 1636548
908453 1497493
280205 966470
178899 1091376
933236 1084325
1352630 1812779
1045811 1804593
46650 141069
270411 1911107
779225 1764279
124106 1646670
324373 1980715
1225377 1774103
402381 1235434
1560894 1687918
417554 1512889
670680 1841120
219622 926040
794789 1009758
935926 1125516
597903 759840
1461880 1742266
691201 805532
1331489 1733306
54935 1585081
106054 174774
731870 1109150
407525 1216968
787117 1006040
1276801 1546833
1170042 1273365
186502 1520837
236800 1534186
176765 1191155
133764 1323549
376345 1473887
976888 1246200
429190 1235014
190718 1317983
494406 713045
202731 1618066
258769 449730
84202 785615
980019 1763867
228374 989481
868472 1119417
770128 1351273
1496512 1527284
241140 833661
99701 108740
810687 900762
387343 1917695
417347 1538622
520439 1756850
592992 658796
165645 712645
390243 1722949
949239 1436053
329791 1621657
95563 402455
55470 1854243
275727 522746
285859 694842
998294 1629522
99556 1085693
1793546 1929575
944632 1709869
32771 598239
526294 988703
33693 932475
1157913 1493857
379346 996038
265802 1080552
1177586 1834597
669587 1692469
948461 1774148
299390 430795
1028926 1230701
439000 494026
173121 313214
149707 1248140
830069 1957000
39014 159903
406852 568763
25722 591788
1881491 1999731
745555 1026530
769844 851413
907043 1083444
1065983 1879093
562871 764620
1042778 1541168
123455 1336176
800954 1015309
920761 1078616
60115 734268
841875 959830
1532250 1684961
234436 527365
94802 1117091
98808 415016
649236 1256914
1203450 1710167
960342 1928119
902673 1583064
273013 1412754
757692 1519495
883614 1348077
1252002 1988456
244637 1908159
200434 724678
989112 1952649
56374 669513
981854 1497916
681721 928668
257429 362396
815694 1703435
314395 1878180
425628 610139
866221 1566152
1519984 1957370
843132 981867
530211 692013
428075 995806
68583 1396465
900270 1161266
364480 1009803
275652 1162768
83647 652936
357999 1017349
133729 1084757
925472 1038485
865716 1468555
25953 449325
1212104 1828402
1258908 1604083
1383807 1998374
319389 1031452
530392 1334776
410744 798981
954627 1741615
909685 993783
497227 930015
1093587 1479874
1343334 1589087
656648 1839989
42688 452179
543556 1995445
354393 1000654
298431 997106
91745 1223575
382014 1332351
285883 1696018
891830 1535354
205779 572977
18183 1819239
409160 1419703
189503 691244
1038941 1405297
108746 644210
423556 738566
743259 813310
494142 1052273
1078588 1587901
276797 1914007
32800 1141923
27647 151265
1323592 1725729
169621 1455054
1385288 1962305
301040 774874
87589 1842328
14647 1799726
915060 1561632
519957 749126
56947 1425892
1176182 1973277
268788 1120942
15878 1076996
813383 1053123
283307 619768
204659 261498
310645 767018
836719 1984360
499494 1691829
1464848 1508204
657047 1733344
357352 1545905
505199 1905747
224033 1611553
126441 1160260
838865 1227242
1140292 1952134
572458 1973672
121963 993848
485085 1042586
290462 575034
77353 833103
198814 918613
881751 884028
978676 1422798
383021 780669
1591227 1664015
772318 1455280
76775 1181300
200706 887912
1041206 1378380
565982 839517
149865 1543150
183752 1635051
684112 995595
1023141 1744648
789016 1823900
480334 1449309
203884 1518581
236050 1654451
738543 762061
206228 1393969
311172 1801731
791894 1496620
326239 1912623
1274631 1521266
548263 854215
688906 1596121
471078 490228
1134786 1342825
1022774 1269133
721407 1899341
263791 275414
1200292 1727716
24836 1868132
990451 1979839
931570 1014017
988190 1542576
267957 1920504
1071950 1167004
319940 538807
120744 829259
80848 354611
518134 705920
528125 707946
558928 1797349
224983 951247
159368 1431048
257638 1340066
154051 357583
740958 1538260
501397 930479
787445 1733657
15659 932449
421338 1448903
1668010 1764422
629652 731672
391591 1755244
187113 307120
17260 1110017
95728 1479077
1156432 1778848
427285 436758
494533 1574436
275149 487622
131109 1309625
794590 1610367
1000554 1600088
76138 985077
581954 1358747
551405 1794426
89999 1652157
198416 1133545
999548 1136696
666607 1231647
46082 1039550
348121 1837095
1463172 1740471
1260612 1386271
581087 1662174
45236 102881
1303734 1363142
599104 1966041
1584527 1783210
376375 1222553
1471640 1915302
475155 1540027
1153121 1523338
1275438 1307646
1067675 1549015
976992 1987042
909929 1609109
902470 962313
481554 605378
125356 906812
57898 1575121
144464 821185
580977 1147069
973250 1892244
1388668 1639216
262572 1457781
1083387 1869984
987095 1302286
40987 104194
751129 1272360
299050 678588
712145 905941
32991 944819
773870 1050704
326778 1235685
692096 1705419
635171 1572764
1528305 1631703
252001 1481241
1474686 1854064
697663 1714879
441922 1945499
952130 1357383
140472 549525
1150085 1861076
1378534 1972829
510418 1826049
169355 993778
73481 379404
511357 1562533
494527 1279443
51800 384311
1044444 1917060
256166 1720317
215057 905444
528829 821961
546741 1338555
367824 967242
899589 908299
60874 1973777
425803 1259076
597172 1555878
58666 797650
34636 1123977
26613 1938841
527289 1341694
134684 1347834
1312785 1879118
477522 1205691
278020 664806
1555639 1601719
289574 1096367
1041403 1850140
676589 1574966
189028 1085839
1595647 1635196
528843 989853
1529118 1819315
489206 1082251
1516970 1894697
1302573 1786453
298811 618682
732494 1624197
1371415 1778810
798635 951293
919725 1807826
801412 1203198
777810 1289862
446235 1676858
1410233 1662185
718503 1952194
97088 1531418
438008 1381763
722385 1484420
132023 1799112
845408 1403864
1430129 1990208
1403713 1993842
219722 1533017
52394 1518396
1323870 1712671
1078720 1993642
1224173 1910520
667368 1426728
1038814 1062633
1113444 1648950
216270 243208
692442 1108676
764969 1499451
89816 857292
367461 753109
312226 1909597
283799 754890
978876 1327992
90120 542066
1584830 1822726
73628 321081
854932 1429251
1489884 1979672
1384646 1513825
546078 1722169
540517 1268176
692374 1964268
636160 1795131
233348 1579364
627921 1468181
740673 1212769
11626 705532
534889 1237146
114127 451721
403243 520134
56587 1518385
1324151 1635213
408665 1387386
328310 1718172
1073977 1894770
434773 1988227
369912 915439
1414384 1512609
832943 1473567
939647 1290684
778570 1960716
976868 1252712
1047903 1316174
502939 952123
1259119 1465404
234481 245166
286150 447522
751267 1537809
258742 324563
80877 1019910
1743953 1869553
1726358 1968438
741489 915137
806402 1331970
540017 639796
1217873 1335357
527718 1191691
220147 689216
1070020 1347000
1830489 1867853
822748 1275943
159843 666263
1165158 1942610
1300546 1627877
451297 1018759
709144 1771249
916731 951293
366261 1147637
1496750 1654130
263596 1797739
561276 1450943
585917 1008366
64411 983545
228006 1065731
88465 1877708
184523 239663
121329 392883
1148387 1646107
495300 1602598
258464 1701348
231591 594922
1364112 1423827
76110 642510
1402180 1693087
281595 514560
1425400 1469530
889366 1311128
262086 1358564
1901095 1915482
822569 1466453
636877 640811
1662440 1676018
1792663 1921130
954193 1433955
171250 1527811
432809 717699
392988 492746
319565 1352672
978597 1204527
593265 1000146
560743 635353
671403 1025998
1053337 1870093
902366 1451418
127161 1352683
533732 1226992
840782 1852477
342288 1615106
1256330 1517000
334273 975731
198272 1086235
1397655 1841851
456748 618617
1316065 1837383
854400 1065740
148253 773449
94570 1616297
870416 1055645
227842 926214
249499 285053
595923 1362736
886137 1218514
1557988 1695185
598895 761900
113117 1630623
968346 1704161
1356459 1501145
391771 1228340
211573 1692940
1357129 1690046
239285 1706710
377462 1563141
750088 1223332
146527 1361805
490285 1684246
1154407 1296361
107600 1485681
72974 185151
332224 710933
1143207 1825825
514926 629517
1085804 1153468
136902 673385
1400317 1418399
19491 1068137
711174 1706342
822743 1765945
338463 1260982
740413 1308676
1037719 1380009
1485235 1647396
1459894 1509631
1448943 1823410
64999 1526939
1523767 1880485
388291 1789829
140785 245143
1041931 1201241
1355078 1355130
571210 1534860
1304755 1511266
889361 1821306
1345517 1838057
483540 1513608
663751 1768417
742315 775508
712095 804714
601692 1173806
804908 1703830
650406 1371609
102924 386993
1702954 1826580
668023 688564
584412 1678069
1067449 1803592
870745 1199250
276040 1472663
306250 768872
616420 752519
487371 1033427
230508 344798
535783 1795270
1046584 1892506
714775 1532081
496512 723579
208972 474187
80189 1119116
1231762 1879673
1507330 1648850
1215418 1256667
906072 1071037
165323 324921
166807 187456
431183 1840639
1318401 1331967
237011 1902916
254741 895127
763457 1184426
883284 1344460
1187412 1189718
1099979 1989557
1445870 1614008
1517649 1614879
1543694 1660591
214687 411685
862377 1129052
1199881 1429419
566059 1583888
251436 404279
604795 1861704
80695 1612782
194275 868722
610432 1335144
29836 767334
115415 177863
135723 1954546
883786 1326606
726534 1190121
1149407 1717829
505655 695984
1833 579011
1302224 1714351
782249 1467226
7957 309618
677526 1202125
278491 1570536
667579 822617
1678250 1709292
1373744 1964408
566652 664835
86533 1436442
669034 675497
546351 977285
883121 1450069
1603001 1620513
453170 1620179
501544 748096
741132 1115431
1155577 1835636
1449899 1681657
454511 1491267
677854 1836794
246329 1344333
69676 1688668
728666 1981822
670565 682395
538094 988644
359721 1656748
471734 1555130
443203 1468606
273033 726218
819619 998407
199563 1751108
119421 543063
314924 1433973
178378 1254002
52441 738158
377493 1760034
237530 1028610
973339 1380886
553411 1942595
432277 1972356
547041 1091446
949063 1105293
213144 1498340
1374826 1781506
557313 722685
999972 1013667
788261 1807987
83750 1921202
1003677 1247017
485369 1403895
1495520 1734465
74117 1490585
265126 1561650
246496 1315969
734105 897386
269794 876640
819165 1091845
16056 723543
294015 1157015
110841 125167
299601 615350
456196 1415035
255077 1004562
626497 1779597
606445 1389181
164158 1329927
456674 546883
691409 1521114
76825 574358
982659 1526800
530538 1636998
438573 1696000
322565 1790655
445238 1184028
585895 1916487
1077733 1232731
1225208 1333660
1596252 1982416
298966 1037995
1145870 1308364
667622 1977233
1757123 1768260
145636 356042
278266 1521138
331725 1418888
116892 220653
548062 1688825
1345686 1791723
1312805 1333530
1194326 1566413
946674 1459400
1506316 1999239
1221543 1298061
1103348 1539821
57867 746463
518900 944578
804049 1899687
752342 1920159
49589 947895
730 454229
560453 1641426
1471808 1896894
1010692 1532558
1398827 1960935
227067 1752655
72850 1353165
274503 997872
783069 1768399
21664 231487
1596564 1959210
1416991 1676142
195335 1740708
163400 1328576
40197 1560451
496897 874492
183801 1298769
477788 925571
220622 367193
427421 1575134
634441 1185403
556620 1944645
351384 1336110
482286 987489
563855 712817
51171 825655
259399 1731835
153248 1015485
895681 1165413
1359250 1827797
202318 1628117
1478550 1822260
46436 919516
1447638 1638650
114775 606379
1248690 1311070
1698642 1772633
611431 930013
723022 1217887
1750544 1778476
113824 669957
806673 1921231
91858 135354
167970 1126893
1113582 1681879
1708420 1899872
195818 1117783
1027133 1355092
286605 1657560
295423 301003
742442 843568
412411 640187
540817 1400647
1340096 1605551
133876 1517876
495202 1437696
1188180 1899969
446947 1388065
908820 1916749
748691 773853
885776 1293317
628796 1585593
401246 1927950
760809 794595
1118112 1306019
1276170 1567083
259735 542241
459766 600032
809512 1993910
222221 1422482
421529 1969082
4522 1266623
1782045 1993923
414444 805534
329035 854144
1000243 1456765
32422 1010073
69477 1488077
259108 1188060
378838 934440
825177 1234716
192052 1041240
202497 1163560
755332 930675
1232355 1941301
1420101 1560656
727736 1556048
1107026 1512416
112243 873801
27702 932162
566021 617540
220238 1128853
1552928 1573108
645702 1257173
1270769 1412856
1128969 1985595
30092 1954639
516717 1150687
371470 709664
264942 1939564
757772 1610638
378483 1480828
805633 1419681
785187 1800290
452766 891428
735560 1307690
526009 1456285
106010 254043
1630021 1735401
136424 946299
14104 1184274
740708 1421721
354104 1462705
682176 1223965
1272072 1788080
235950 1990979
1467935 1708941
557036 1368679
303154 1583234
692834 1625411
146282 1719534
126707 1358493
751639 1813161
951594 1193511
1135774 1229693
129090 1666788
1705107 1876164
567196 1474782
415209 445329
976826 1305057
541783 934533
496027 1479369
381155 1284781
1075522 1835209
1129690 1605323
497515 637681
1002801 1587332
340459 1720931
8320 392515
413300 1347790
307475 839051
1048552 1654288
557430 1431245
1351023 1627779
104381 1643926
919301 1841532
462809 1574945
1061281 1722272
898752 1457072
1432558 1892356
833845 1517547
496707 1879909
570059 1760457
891596 1542799
356987 610331
58851 217576
1088891 1089417
850666 1917159
1035576 1648163
187007 1190572
30919 34143
228047 1683034
859287 954537
1347900 1650343
1505672 1723233
1504558 1957787
183364 294981
1124914 1626838
783327 1750793
345869 1586170
389097 1782096
246165 476788
808544 1045672
1546539 1982763
757855 870483
245360 248143
655940 1116502
72081 1066311
1628682 1757468
1172619 1575211
697284 1759473
571583 1824195
13334 538815
1143717 1558260
766322 1982997
33591 1297565
138383 596616
570259 600736
1371425 1556566
607349 1397032
42164 1177061
338737 1701289
36236 1453220
47156 1660914
899557 1102469
312257 1791437
100216 1629602
289878 1904429
505475 590136
325461 1613873
557328 1616598
307548 872428
1191222 1776348
100385 462385
1448138 1880287
40848 164653
388601 1856953
707972 939862
715209 1225875
1152371 1365826
1314507 1384726
1481741 1644134
674394 1055171
1539279 1707553
385788 1072441
992670 1973767
1011405 1918676
181413 1040447
931301 1937514
262167 1719942
132940 179798
8390 726176
440333 1830305
404 1232996
1245535 1613519
480089 1772986
47677 190622
1244396 1370047
467534 1837667
1699291 1916327
87737 639327
65227 982210
486334 1326790
455338 907700
1728654 1742920
100040 1835575
189821 1739219
451680 1494960
1309776 1441193
283471 1445616
782953 1888960
1688637 1866882
465591 1562223
1383389 1979978
777436 1280948
1881966 1990699
1271672 1697083
951278 996033
456454 512701
1394257 1899850
810699 1164342
235770 796812
989473 1072488
980648 1704181
881626 950532
776151 1536614
1769602 1844140
45524 1408547
533447 1146009
673413 807804
187797 266568
266520 1802992
666223 786699
83373 1883482
1453555 1808812
11836 878972
269005 1091338
1516921 1843253
652474 667337
403719 1032776
732310 1645668
152963 1745491
575992 1810530
1194208 1749566
745069 1871123
1179589 1603100
258758 292002
358221 1618703
865902 1295511
279158 1305315
1073949 1891774
813039 1591582
397427 1408189
162762 783613
1132144 1264639
832578 1381977
40025 307358
514547 1557017
1214764 1342759
460450 1864729
487355 1726979
334397 1827781
292645 1755027
124464 700650
522477 1790571
285771 1043530
68771 1140993
1678868 1871103
418695 974527
901148 1684462
178089 499502
699674 1734022
1222170 1564919
329458 1458858
1076852 1504524
1223280 1360481
214387 1598261
448350 924943
524519 893020
334049 752140
91254 364927
1318488 1902948
110005 1313504
1415244 1520935
437188 1735795
107800 990592
134182 580445
1260926 1790523
82227 493549
222438 1504074
52003 1883675
481282 1111660
299982 598645
719271 1262576
663058 926068
759444 793850
763218 890679
1304811 1753544
939397 1076528
581851 1857935
5010 1043359
127291 845402
118481 649649
105155 1704601
986573 1099061
478175 1271000
463936 836390
924978 1807653
252502 473628
77069 1572120
847512 1698508
570252 1146481
530967 971737
1585266 1975383
1554311 1768219
116402 354722
37466 1634323
1097407 1923611
630555 1890086
519610 1094502
263451 723559
308962 1802260
681525 1375849
222261 1802924
1295310 1951647
420969 1879203
1094307 1568864
300024 899319
261307 1722042
56981 458619
619542 1015228
147417 307226
270144 1162891
55480 1903446
969243 1399803
56682 925948
562025 817859
1459013 1868197
93084 286656
869164 1216043
1139871 1764890
475413 1834198
903988 1143614
578057 1902588
35020 1829953
545619 894062
501346 1542841
1438710 1628698
687414 1829490
411124 1456349
861239 1887585
1658955 1666584
1392181 1428807
30693 1686410
252810 266311
864226 1505689
523529 980945
52058 1705050
1233699 1584103
548841 1212052
677431 1096090
736918 1005209
610911 935352
69925 1300490
899018 1947713
1058716 1664453
232409 1678635
1018287 1831861
1245704 1983833
1460100 1908087
681419 698203
378301 517284
102531 663889
470546 1806209
232887 1199229
184235 1379201
127393 586891
659663 940230
662298 727854
40783 833401
1024906 1277283
746591 1615395
209419 573453
379737 1056902
102237 1974252
144442 304333
929747 1983929
486644 615466
772194 1735307
598884 1696705
603074 1664998
256166 826405
512468 829122
1052355 1551115
46382 1410848
1501764 1950126
1320208 1761785
1297684 1693269
1304104 1806544
138878 366161
666548 1823710
152754 240568
1007974 1430801
330918 1479390
517466 1788736
174877 775967
805603 1010857
1002181 1768958
1231984 1245660
856689 1530406
490331 1183217
409151 914826
720347 1533562
68195 1968983
1692845 1810488
252411 846404
1919151 1949156
381030 487365
117967 933551
603512 907544
219760 940706
397348 1950942
1108332 1323420
431635 1605254
134153 1961025
550014 694186
860261 1640387
270212 1562230
457962 964926
618531 1962561
824998 966554
777863 847665
153452 1385326
644496 1253143
376879 1441426
434311 1593615
406431 1010660
1473496 1857844
1377285 1768329
75317 751120
1102277 1135521
377923 1804529
1196241 1616200
1543325 1634793
1724259 1973202
793834 1682498
813925 1180869
843981 874500
475888 1641155
901544 1762136
1317647 1754694
564019 1622085
808576 1691535
1227359 1915020
1527057 1682920
1448144 1663124
68626 1011879
76437 632183
988980 1124056
608751 1897729
1640389 1650845
244726 1746471
467332 1100934
49489 770341
242572 1082732
1182066 1399954
1389949 1627198
1022561 1334101
1323204 1824253
106338 1726718
286684 868798
314846 1328569
973035 1849527
1453901 1547061
354085 1841286
1596828 1950908
933864 1776410
634040 1529129
754760 1715093
70422 1834205
626855 1990735
1356405 1704711
1328086 1997205
722966 1068571
748503 1798739
101167 784248
868560 1269140
578433 742824
1293157 1627082
30781 1287722
420116 1576709
1105596 1987452
304028 726036
717278 1898123
574740 1100638
1242030 1650618
638329 693241
357686 1866255
249700 457660
689514 1629065
312013 389837
886520 1107283
422967 1435922
307585 1730415
60610 705312
256493 1449241
967355 1245749
753934 779594
383645 1463716
377001 1813929
355782 1740200
43822 1850341
621070 1655382
752870 1471972
444448 1475845
820689 1926188
22262 280494
415034 1141651
64261 1903778
616495 1777894
234722 305709
931772 1017321
32533 462633
399140 942400
688082 1668139
935588 989675
1720616 1854065
250192 1896802
714021 1581081
787882 1754275
829094 1681491
348957 524804
1099633 1390365
790565 1882980
453882 1745450
484300 1780891
1411249 1695803
1422183 1915645
24885 340807
825 286646
1044541 1049568
545166 1375987
953937 1807426
101467 1960247
193620 1297264
1603053 1961666
1652932 1800519
958828 1199107
208173 393325
1214342 1733616
787956 1180603
64095 1031016
529741 1283157
261332 934273
